0.021232232
0.020785711
0.020235317
0.019734729
0.019303144
0.019056844
0.018775131
0.018560227
0.018373985
0.018173818
0.01967077
0.019444044
0.019224164
0.019010873
0.018803759
0.0186025
0.018406888
0.018216686
0.018031622
0.017851491
0.019776079
5.535218651
0.101263193
0.193809913
3.150017559
0.254012582
0.265562341
0.029412659
18.73120907
0.237755251
12004552.9
1804.798821
10076.65002
1795.920226
19209.42296
2274.546546
7023.315978
4533.932625
127.318875
12121.61029
0.025958723
0.113618556
0.052886703
0.112993
0.09544947
0.087507849
0.114735542
0.034116866
0.181580098
0.058916727
1363.733041
0.250053793
0.182847487
0.093594545
0.210992678
0.031230331
0.101896871
0.128186542
0.060343224
0.108964747
6.184241543
0.141041526
0.194314239
0.085094676
0.445553151
0.146246345
0.229644748
0.228337912
0.084462005
0.184428712
95.65548944
0.264302384
0.224745982
0.085963738
0.074921415
0.120778772
0.107627768
0.034629512
0.029964825
0.088553269
52461.70362
0.810050031
0.42769132
0.749247249
3.216093387
3.661595256
2.13886307
66.9542998
155.0260527
0.065757035
141475.7512
130161.266
35604396.6
33020056.51
305327.0375
1547836.473
11529205.21
188451.2312
71421773.31
12285934.89
137019.5343
14.03199541
9.066667949
52.71254434
1.488579843
1.379732107
164.5876008
1.160200503
0.62652002
2.542021724
