0,1,1,0.00981804459937814,0.0
0,1,2,0.009720119151476355,0.0
0,1,3,0.009624112824141244,0.0
0,1,4,0.009530118149876072,0.0
0,1,5,0.009436292803854215,0.0
0,1,6,0.009343708875074746,0.0
0,1,7,0.009255385796024166,0.0
0,1,8,0.009168874164103974,0.0
0,1,9,0.009083964042059845,0.0
0,1,10,0.00899669691519894,0.0
0,1,11,0.008907371797611441,0.0
0,1,12,0.008827282263823996,0.0
0,1,13,0.008743977371055884,0.0
0,1,14,0.008662716801906877,0.0
0,1,15,0.008583949164622946,0.0
0,1,16,0.0085074656010756,0.0
0,1,17,0.008432649723772891,0.0
0,1,18,0.00835817128328941,0.0
0,1,19,0.00828513806981053,0.0
0,1,20,0.008213743252973828,0.0
0,1,21,0.008142690726239696,0.0
0,1,22,0.008075225583772782,0.0
0,1,23,0.008009356172196266,0.0
0,1,24,0.007944574622975263,0.0
0,1,25,0.007879877888601061,0.0
0,1,26,0.007816658353824113,0.0
0,1,27,0.007755301576135881,0.0
0,1,28,0.007694378588571467,0.0
0,1,29,0.007635164502021508,0.0
0,1,30,0.007575809546978749,0.0
0,1,31,0.007518321412685511,0.0
0,1,32,0.007461375020776159,0.0
0,1,33,0.007406426032638104,0.0
0,1,34,0.007352408859680058,0.0
0,1,35,0.007299383943300598,0.0
0,1,36,0.0072467476531312336,0.0
0,1,37,0.007195466941054245,0.0
0,1,38,0.007143160431040969,0.0
0,1,39,0.007093219547990894,0.0
0,1,40,0.007045187429111269,0.0
0,1,41,0.006999847715125197,0.0
0,1,42,0.006953403546404803,0.0
0,1,43,0.006909702488227078,0.0
0,1,44,0.006863583726296501,0.0
0,1,45,0.0068178714536485845,0.0
0,1,46,0.00677147796334178,0.0
0,1,47,0.006728292811973436,0.0
0,1,48,0.006687940789202433,0.0
0,1,49,0.006646481819141341,0.0
0,1,50,0.006606519623397526,0.0
0,1,51,0.006566647338766472,0.0
0,1,52,0.006526599029728706,0.0
0,1,53,0.006487865846168742,0.0
0,1,54,0.0064509611239667265,0.0
0,1,55,0.0064139501815564035,0.0
0,1,56,0.006380328469407083,0.0
0,1,57,0.006343795790330723,0.0
0,1,58,0.006309021459574955,0.0
0,1,59,0.006273918479122766,0.0
0,1,60,0.006241497491755881,0.0
0,1,61,0.006209978106790546,0.0
0,1,62,0.006179171986952046,0.0
0,1,63,0.00614449186970812,0.0
0,1,64,0.006115025015999936,0.0
0,1,65,0.006084670262092692,0.0
0,1,66,0.006056441149434352,0.0
0,1,67,0.0060246055471729456,0.0
0,1,68,0.005992807481412057,0.0
0,1,69,0.005965012236551433,0.0
0,1,70,0.005938868009187619,0.0
0,1,71,0.005912979947824529,0.0
0,1,72,0.005887144896390817,0.0
0,1,73,0.005862978019693756,0.0
0,1,74,0.005839062125416766,0.0
0,1,75,0.0058150222558480845,0.0
0,1,76,0.005789240159165098,0.0
0,1,77,0.005763628607718579,0.0
0,1,78,0.0057375694812162,0.0
0,1,79,0.0057123608532632965,0.0
0,1,80,0.005689473068429057,0.0
0,1,81,0.0056672923510800825,0.0
0,1,82,0.005646090372719796,0.0
0,1,83,0.005624871470634153,0.0
0,1,84,0.0056060528076400966,0.0
0,1,85,0.00558608971056994,0.0
0,1,86,0.005565118087353562,0.0
0,1,87,0.005544805596181301,0.0
0,1,88,0.005526193439185179,0.0
0,1,89,0.005510116959081661,0.0
0,1,90,0.005488899868996842,0.0
0,1,91,0.0054717638063292665,0.0
0,1,92,0.005453095043765253,0.0
0,1,93,0.005433984979664451,0.0
0,1,94,0.005418522765314248,0.0
0,1,95,0.0054017209181981074,0.0
0,1,96,0.005383932490403583,0.0
0,1,97,0.005367140203396873,0.0
0,1,98,0.005351718699101067,0.0
0,1,99,0.005334943281989508,0.0
0,1,100,0.005319486837580409,0.0
1,1,1,0.010033923827701066,0.0
1,1,2,0.009935502140523654,0.0
1,1,3,0.009839035836603116,0.0
1,1,4,0.00974440474412485,0.0
1,1,5,0.009651479801567402,0.0
1,1,6,0.009560192755509803,0.0
1,1,7,0.009470615586562444,0.0
1,1,8,0.009382656421725146,0.0
1,1,9,0.009296281473726771,0.0
1,1,10,0.009211486436578936,0.0
1,1,11,0.009128254118740752,0.0
1,1,12,0.009046503156918788,0.0
1,1,13,0.00896624706642865,0.0
1,1,14,0.00888746186726778,0.0
1,1,15,0.008810116530618166,0.0
1,1,16,0.008734144777685655,0.0
1,1,17,0.008659592842910468,0.0
1,1,18,0.008586435975178351,0.0
1,1,19,0.008514624735872587,0.0
1,1,20,0.008444110866687969,0.0
1,1,21,0.008374923946381143,0.0
1,1,22,0.008306963368386502,0.0
1,1,23,0.008240276108367193,0.0
1,1,24,0.008174820535670826,0.0
1,1,25,0.008110582460684116,0.0
1,1,26,0.008047528536285594,0.0
1,1,27,0.0079856413803126,0.0
1,1,28,0.007924896624420587,0.0
1,1,29,0.0078652886566037,0.0
1,1,30,0.007806767239634748,0.0
1,1,31,0.0077493647888891275,0.0
1,1,32,0.007693048592668826,0.0
1,1,33,0.007637797996536673,0.0
1,1,34,0.007583591189343885,0.0
1,1,35,0.007530360745646382,0.0
1,1,36,0.007478143156080074,0.0
1,1,37,0.007426942837852697,0.0
1,1,38,0.007376683365458715,0.0
1,1,39,0.007327401795556817,0.0
1,1,40,0.007279058815354111,0.0
1,1,41,0.007231645483217047,0.0
1,1,42,0.007185081517560008,0.0
1,1,43,0.00713942197170066,0.0
1,1,44,0.007094640865878123,0.0
1,1,45,0.007050689902960217,0.0
1,1,46,0.00700760744264043,0.0
1,1,47,0.0069653285003362245,0.0
1,1,48,0.006923881947327027,0.0
1,1,49,0.006883224777985578,0.0
1,1,50,0.006843336688116933,0.0
1,1,51,0.00680423791255633,0.0
1,1,52,0.0067658959943855,0.0
1,1,53,0.006728243152144287,0.0
1,1,54,0.006691343201621252,0.0
1,1,55,0.00665520095862445,0.0
1,1,56,0.006619744957961245,0.0
1,1,57,0.006584973960095958,0.0
1,1,58,0.0065508594536010855,0.0
1,1,59,0.0065174146242543175,0.0
1,1,60,0.006484617774622999,0.0
1,1,61,0.006452434599597278,0.0
1,1,62,0.006420952207923186,0.0
1,1,63,0.006390060589329563,0.0
1,1,64,0.006359778047119005,0.0
1,1,65,0.006330106583436117,0.0
1,1,66,0.006300981885063437,0.0
1,1,67,0.0062724521397935305,0.0
1,1,68,0.006244485738722772,0.0
1,1,69,0.006217096134209972,0.0
1,1,70,0.006190184931557052,0.0
1,1,71,0.00616385543336248,0.0
1,1,72,0.006138017949171908,0.0
1,1,73,0.006112696121587026,0.0
1,1,74,0.006087902535250033,0.0
1,1,75,0.006063588745077542,0.0
1,1,76,0.006039763727463671,0.0
1,1,77,0.006016417885032881,0.0
1,1,78,0.005993560706480204,0.0
1,1,79,0.005971147877592826,0.0
1,1,80,0.005949185541723898,0.0
1,1,81,0.005927633531034705,0.0
1,1,82,0.005906530988019897,0.0
1,1,83,0.0058858773515023215,0.0
1,1,84,0.005865584075586638,0.0
1,1,85,0.0058457240532532985,0.0
1,1,86,0.0058262437689412215,0.0
1,1,87,0.005807195926060156,0.0
1,1,88,0.00578854138596112,0.0
1,1,89,0.005770243294202957,0.0
1,1,90,0.005752336115181348,0.0
1,1,91,0.005734823802146344,0.0
1,1,92,0.005717610046348458,0.0
1,1,93,0.005700754530657761,0.0
1,1,94,0.0056842591786339025,0.0
1,1,95,0.005668160831383356,0.0
1,1,96,0.005652245304889407,0.0
1,1,97,0.005636689444241279,0.0
1,1,98,0.005621493574078307,0.0
1,1,99,0.005606637481736333,0.0
1,1,100,0.005592103463049738,0.0
1,2,1,0.009671951035478576,0.0
1,2,2,0.009574084063645065,0.0
1,2,3,0.009481985003843263,0.0
1,2,4,0.009391109554314468,0.0
1,2,5,0.00930094787569382,0.0
1,2,6,0.009212767529906121,0.0
1,2,7,0.009124962560019987,0.0
1,2,8,0.00904168391590581,0.0
1,2,9,0.008957397791728407,0.0
1,2,10,0.00887337766295242,0.0
1,2,11,0.008793432653412918,0.0
1,2,12,0.008714125423934271,0.0
1,2,13,0.008635022678238109,0.0
1,2,14,0.008558679709254445,0.0
1,2,15,0.008482656093144136,0.0
1,2,16,0.008408649722522685,0.0
1,2,17,0.008334664625225422,0.0
1,2,18,0.008263477153705873,0.0
1,2,19,0.008193865566938146,0.0
1,2,20,0.008124322398328394,0.0
1,2,21,0.008056342746066062,0.0
1,2,22,0.007991283492729255,0.0
1,2,23,0.007925713801793164,0.0
1,2,24,0.007862947976672155,0.0
1,2,25,0.007798529884721747,0.0
1,2,26,0.007736939413026286,0.0
1,2,27,0.007676738789599723,0.0
1,2,28,0.0076168602347907,0.0
1,2,29,0.007559140769545322,0.0
1,2,30,0.007503049458073273,0.0
1,2,31,0.007445732512871744,0.0
1,2,32,0.007390105337505226,0.0
1,2,33,0.0073372208962084245,0.0
1,2,34,0.0072843159221340015,0.0
1,2,35,0.007231023730123294,0.0
1,2,36,0.007179087447617776,0.0
1,2,37,0.007129048663589253,0.0
1,2,38,0.007077477944181301,0.0
1,2,39,0.007027861075905727,0.0
1,2,40,0.0069787150936144885,0.0
1,2,41,0.006931745934224499,0.0
1,2,42,0.006886303159279843,0.0
1,2,43,0.00683919419758663,0.0
1,2,44,0.006794439278855611,0.0
1,2,45,0.006750494499917046,0.0
1,2,46,0.006707266732724167,0.0
1,2,47,0.006665713226192415,0.0
1,2,48,0.006622556520416664,0.0
1,2,49,0.006580809634168679,0.0
1,2,50,0.006541665719223108,0.0
1,2,51,0.006501318895625452,0.0
1,2,52,0.006462791543577746,0.0
1,2,53,0.006425268082253637,0.0
1,2,54,0.006388058888616475,0.0
1,2,55,0.006350729936332435,0.0
1,2,56,0.006315569964975053,0.0
1,2,57,0.0062806532849804236,0.0
1,2,58,0.006244883620507799,0.0
1,2,59,0.006210267696522748,0.0
1,2,60,0.006177432603781206,0.0
1,2,61,0.006143563557826744,0.0
1,2,62,0.006110263415106275,0.0
1,2,63,0.006078061958600768,0.0
1,2,64,0.006047237057113028,0.0
1,2,65,0.006017219947971261,0.0
1,2,66,0.005986814655275186,0.0
1,2,67,0.0059562047235443985,0.0
1,2,68,0.005926050248614094,0.0
1,2,69,0.005897442580857486,0.0
1,2,70,0.005869537209231287,0.0
1,2,71,0.005841352487956412,0.0
1,2,72,0.005813662361505795,0.0
1,2,73,0.005788709192933345,0.0
1,2,74,0.005763537900871754,0.0
1,2,75,0.00573668793643218,0.0
1,2,76,0.005713407187812294,0.0
1,2,77,0.005686872243522796,0.0
1,2,78,0.005662080597682889,0.0
1,2,79,0.005637685540251137,0.0
1,2,80,0.005614711652849899,0.0
1,2,81,0.0055917268251599915,0.0
1,2,82,0.005568648092969092,0.0
1,2,83,0.00554506924575934,0.0
1,2,84,0.005523719462517202,0.0
1,2,85,0.005502786265315678,0.0
1,2,86,0.005482525851707735,0.0
1,2,87,0.005460902429269723,0.0
1,2,88,0.00544004455607123,0.0
1,2,89,0.005419849191411997,0.0
1,2,90,0.00539869143519888,0.0
1,2,91,0.0053829901418131565,0.0
1,2,92,0.005365301483057072,0.0
1,2,93,0.005347510960125046,0.0
1,2,94,0.005327898912208238,0.0
1,2,95,0.005312925115835231,0.0
1,2,96,0.005298775432284736,0.0
1,2,97,0.005281617090541784,0.0
1,2,98,0.005264624502907791,0.0
1,2,99,0.005248696871576309,0.0
1,2,100,0.005231543777992061,0.0
1,3,1,0.00993486897346192,0.0
1,3,2,0.009840685977755814,0.0
1,3,3,0.00974837838018533,0.0
1,3,4,0.009656746340688863,0.0
1,3,5,0.009565613702685561,0.0
1,3,6,0.00947484436763432,0.0
1,3,7,0.009385501399879375,0.0
1,3,8,0.009298903390330848,0.0
1,3,9,0.00921229936455225,0.0
1,3,10,0.009129838828470698,0.0
1,3,11,0.00904643671594488,0.0
1,3,12,0.008965374476972513,0.0
1,3,13,0.008885353328117409,0.0
1,3,14,0.008808575880891475,0.0
1,3,15,0.00873009613595482,0.0
1,3,16,0.00865545793500332,0.0
1,3,17,0.008581886486719675,0.0
1,3,18,0.008510399207633957,0.0
1,3,19,0.008440854767195251,0.0
1,3,20,0.008370377427395244,0.0
1,3,21,0.00830010412669313,0.0
1,3,22,0.008230087299209833,0.0
1,3,23,0.008165060266699288,0.0
1,3,24,0.008099209812619176,0.0
1,3,25,0.008035746891957941,0.0
1,3,26,0.007975420092112074,0.0
1,3,27,0.007914459046947523,0.0
1,3,28,0.007851131662862632,0.0
1,3,29,0.007791403861489613,0.0
1,3,30,0.007734916004567799,0.0
1,3,31,0.007678648347780072,0.0
1,3,32,0.007620980554255816,0.0
1,3,33,0.0075685001079142675,0.0
1,3,34,0.0075122897931332155,0.0
1,3,35,0.00746048654880905,0.0
1,3,36,0.007408914851011158,0.0
1,3,37,0.007358457330954934,0.0
1,3,38,0.007309128255855898,0.0
1,3,39,0.0072600270281408035,0.0
1,3,40,0.007211792203127592,0.0
1,3,41,0.0071646799794303365,0.0
1,3,42,0.007118147566567327,0.0
1,3,43,0.007072798632559348,0.0
1,3,44,0.007027866896550955,0.0
1,3,45,0.006985252155503865,0.0
1,3,46,0.00694030682294107,0.0
1,3,47,0.006897160402010893,0.0
1,3,48,0.00685655021783254,0.0
1,3,49,0.006815940185341335,0.0
1,3,50,0.0067764571439872965,0.0
1,3,51,0.006736509875688096,0.0
1,3,52,0.006699129692876475,0.0
1,3,53,0.006662734690666686,0.0
1,3,54,0.006624363076782151,0.0
1,3,55,0.006586760789936339,0.0
1,3,56,0.0065501887460424355,0.0
1,3,57,0.006516557262664894,0.0
1,3,58,0.006481606415826771,0.0
1,3,59,0.006451487299929364,0.0
1,3,60,0.006418996481650725,0.0
1,3,61,0.006385437730255535,0.0
1,3,62,0.006356153608082843,0.0
1,3,63,0.006320835379304174,0.0
1,3,64,0.006290093910926367,0.0
1,3,65,0.006263991729684308,0.0
1,3,66,0.006236135984944824,0.0
1,3,67,0.006206262381429032,0.0
1,3,68,0.006177930834907066,0.0
1,3,69,0.006150448560592885,0.0
1,3,70,0.006120037079887298,0.0
1,3,71,0.006093831156639267,0.0
1,3,72,0.00606792288293289,0.0
1,3,73,0.006041690837879086,0.0
1,3,74,0.0060185592711806,0.0
1,3,75,0.005994306597196587,0.0
1,3,76,0.005968827273000502,0.0
1,3,77,0.005945405779302705,0.0
1,3,78,0.005920628817725867,0.0
1,3,79,0.005898605267869599,0.0
1,3,80,0.005875930891334774,0.0
1,3,81,0.0058537862710043,0.0
1,3,82,0.005832024897125371,0.0
1,3,83,0.005809784527268694,0.0
1,3,84,0.005785040107539944,0.0
1,3,85,0.0057642639397827555,0.0
1,3,86,0.005745314255702484,0.0
1,3,87,0.005725764298206555,0.0
1,3,88,0.005706405331244231,0.0
1,3,89,0.005686894618008565,0.0
1,3,90,0.005667599734422013,0.0
1,3,91,0.005649773719680494,0.0
1,3,92,0.005631971465817354,0.0
1,3,93,0.005613587487660213,0.0
1,3,94,0.005598339224306983,0.0
1,3,95,0.005581089367196688,0.0
1,3,96,0.005562343214177148,0.0
1,3,97,0.005545804766316684,0.0
1,3,98,0.005529701698737425,0.0
1,3,99,0.005514675388234783,0.0
1,3,100,0.0055002911639512285,0.0
1,4,1,0.010062875694254304,0.0
1,4,2,0.009963280022945642,0.0
1,4,3,0.009868312687389101,0.0
1,4,4,0.00977237873984559,0.0
1,4,5,0.009682100349358623,0.0
1,4,6,0.009594621436650545,0.0
1,4,7,0.009505190522855138,0.0
1,4,8,0.00941628259209633,0.0
1,4,9,0.009333892160418206,0.0
1,4,10,0.009251074339650635,0.0
1,4,11,0.009166295805254904,0.0
1,4,12,0.00908543310523058,0.0
1,4,13,0.009003876387908267,0.0
1,4,14,0.008927867043163647,0.0
1,4,15,0.008853942640548895,0.0
1,4,16,0.008780577079111227,0.0
1,4,17,0.008710672793767821,0.0
1,4,18,0.008640324233414133,0.0
1,4,19,0.008569342999681989,0.0
1,4,20,0.008498868684487907,0.0
1,4,21,0.008430861885560546,0.0
1,4,22,0.008361715095031575,0.0
1,4,23,0.008296695799598486,0.0
1,4,24,0.008233043680341359,0.0
1,4,25,0.00816966258585338,0.0
1,4,26,0.008107128399578247,0.0
1,4,27,0.008046802880240858,0.0
1,4,28,0.007987493186803975,0.0
1,4,29,0.007929650895795538,0.0
1,4,30,0.00787055337414937,0.0
1,4,31,0.007815540398177705,0.0
1,4,32,0.007762690224575433,0.0
1,4,33,0.007707055372455555,0.0
1,4,34,0.007653159771530558,0.0
1,4,35,0.0076006650889760856,0.0
1,4,36,0.0075482994112532524,0.0
1,4,37,0.007498154517987559,0.0
1,4,38,0.007450137234079518,0.0
1,4,39,0.0074025824776888915,0.0
1,4,40,0.007354068948949094,0.0
1,4,41,0.007306141152460384,0.0
1,4,42,0.007260622255251902,0.0
1,4,43,0.007215719002016748,0.0
1,4,44,0.007173533571830834,0.0
1,4,45,0.007134656831718963,0.0
1,4,46,0.007094361146826531,0.0
1,4,47,0.007053072695273311,0.0
1,4,48,0.00701389087974767,0.0
1,4,49,0.006973642650471492,0.0
1,4,50,0.00693519344150211,0.0
1,4,51,0.006898080625543154,0.0
1,4,52,0.006858943958662273,0.0
1,4,53,0.006822773503029586,0.0
1,4,54,0.006782075894016637,0.0
1,4,55,0.006747645775343354,0.0
1,4,56,0.006713686890190197,0.0
1,4,57,0.006681596839347068,0.0
1,4,58,0.006646744166222532,0.0
1,4,59,0.006617076088980924,0.0
1,4,60,0.00658768400522192,0.0
1,4,61,0.006552185821664073,0.0
1,4,62,0.006518817919410616,0.0
1,4,63,0.006490607473981639,0.0
1,4,64,0.006464995781819611,0.0
1,4,65,0.006435932458977776,0.0
1,4,66,0.006409843260109912,0.0
1,4,67,0.006378907610135696,0.0
1,4,68,0.0063514878418698215,0.0
1,4,69,0.006324559234479414,0.0
1,4,70,0.006296694772486065,0.0
1,4,71,0.006270173432678751,0.0
1,4,72,0.006245666834416155,0.0
1,4,73,0.006220667644332187,0.0
1,4,74,0.006196920172756484,0.0
1,4,75,0.0061730257392932876,0.0
1,4,76,0.006149602731382661,0.0
1,4,77,0.0061311720896695355,0.0
1,4,78,0.006112345166606637,0.0
1,4,79,0.006090388787182863,0.0
1,4,80,0.0060630957247709,0.0
1,4,81,0.006039179433961653,0.0
1,4,82,0.00602084878948199,0.0
1,4,83,0.006005728554367302,0.0
1,4,84,0.0059819642412204015,0.0
1,4,85,0.005962325822578587,0.0
1,4,86,0.0059435528444915136,0.0
1,4,87,0.005928911272798668,0.0
1,4,88,0.005912609425986798,0.0
1,4,89,0.005890477672854186,0.0
1,4,90,0.005878595080736297,0.0
1,4,91,0.005855593124810637,0.0
1,4,92,0.005841025093961838,0.0
1,4,93,0.005827333282475617,0.0
1,4,94,0.005803763127559452,0.0
1,4,95,0.005784483950692718,0.0
1,4,96,0.005769531885194952,0.0
1,4,97,0.005756628066089563,0.0
1,4,98,0.005738683081226595,0.0
1,4,99,0.005727674629694886,0.0
1,4,100,0.005711308233627146,0.0
1,5,1,0.010008600864285835,0.0
1,5,2,0.009914024461006244,0.0
1,5,3,0.00981713327450443,0.0
1,5,4,0.009727860931082143,0.0
1,5,5,0.009636962849560038,0.0
1,5,6,0.009548703036798448,0.0
1,5,7,0.009460976445721412,0.0
1,5,8,0.009373748761567333,0.0
1,5,9,0.00929068455418208,0.0
1,5,10,0.00920940323477404,0.0
1,5,11,0.009131014703698231,0.0
1,5,12,0.009053773651091512,0.0
1,5,13,0.008975632837258569,0.0
1,5,14,0.008898736741032425,0.0
1,5,15,0.008825384404348833,0.0
1,5,16,0.008757171203083941,0.0
1,5,17,0.008685484804910116,0.0
1,5,18,0.008616167023137304,0.0
1,5,19,0.008549365228138851,0.0
1,5,20,0.008486201982705032,0.0
1,5,21,0.008420253672712036,0.0
1,5,22,0.008353846171871866,0.0
1,5,23,0.008294192432476385,0.0
1,5,24,0.008232944428966868,0.0
1,5,25,0.008169367223620917,0.0
1,5,26,0.008102841450981122,0.0
1,5,27,0.008046470615251563,0.0
1,5,28,0.00798589807530473,0.0
1,5,29,0.007930143827621656,0.0
1,5,30,0.007875925263842438,0.0
1,5,31,0.007822543394211843,0.0
1,5,32,0.007767427549648482,0.0
1,5,33,0.007714281933473851,0.0
1,5,34,0.0076610231965085155,0.0
1,5,35,0.007612026218529316,0.0
1,5,36,0.007561535380622665,0.0
1,5,37,0.007514027194930035,0.0
1,5,38,0.007464148873571003,0.0
1,5,39,0.007416392329496577,0.0
1,5,40,0.007370946742175352,0.0
1,5,41,0.007324279911732472,0.0
1,5,42,0.0072801359157680465,0.0
1,5,43,0.00723569349778051,0.0
1,5,44,0.007193183078187218,0.0
1,5,45,0.007151602007311729,0.0
1,5,46,0.0071101859235629195,0.0
1,5,47,0.0070707853932943186,0.0
1,5,48,0.0070330328179569294,0.0
1,5,49,0.006995335062124363,0.0
1,5,50,0.006958132583128526,0.0
1,5,51,0.006921879288012943,0.0
1,5,52,0.006887111602806013,0.0
1,5,53,0.006852503790405815,0.0
1,5,54,0.00682026937504022,0.0
1,5,55,0.006789096932078123,0.0
1,5,56,0.0067535086182658275,0.0
1,5,57,0.006717622844718802,0.0
1,5,58,0.006684614624289963,0.0
1,5,59,0.006654916314951479,0.0
1,5,60,0.006622311185119482,0.0
1,5,61,0.006592766898644395,0.0
1,5,62,0.006565912256145093,0.0
1,5,63,0.0065386735637473934,0.0
1,5,64,0.006507043867724542,0.0
1,5,65,0.0064804864503901815,0.0
1,5,66,0.006453148136887861,0.0
1,5,67,0.00642701028098372,0.0
1,5,68,0.006398903841870996,0.0
1,5,69,0.00637383453633541,0.0
1,5,70,0.0063469045422206395,0.0
1,5,71,0.006325487980934076,0.0
1,5,72,0.0063005567503812455,0.0
1,5,73,0.006275006552255178,0.0
1,5,74,0.006253222218406558,0.0
1,5,75,0.006229944033765522,0.0
1,5,76,0.006208021437034436,0.0
1,5,77,0.006187217125459475,0.0
1,5,78,0.006170217928998525,0.0
1,5,79,0.006151962379424547,0.0
1,5,80,0.006130589437670746,0.0
1,5,81,0.006116014610420529,0.0
1,5,82,0.006093672338538786,0.0
1,5,83,0.0060725518529573955,0.0
1,5,84,0.006054328964708268,0.0
1,5,85,0.006041213708389682,0.0
1,5,86,0.006019264204149488,0.0
1,5,87,0.006000166820386455,0.0
1,5,88,0.005977788051064715,0.0
1,5,89,0.005959824136010975,0.0
1,5,90,0.005945726292572094,0.0
1,5,91,0.005930609324151348,0.0
1,5,92,0.005913911188339134,0.0
1,5,93,0.005899216065726224,0.0
1,5,94,0.005883614249354557,0.0
1,5,95,0.005867251201762613,0.0
1,5,96,0.0058503962860484105,0.0
1,5,97,0.005829812265785771,0.0
1,5,98,0.005815731084858764,0.0
1,5,99,0.005804610709149457,0.0
1,5,100,0.0057975792660431135,0.0
1,6,1,0.009976160217834412,0.0
1,6,2,0.009883853773911702,0.0
1,6,3,0.009788734741566784,0.0
1,6,4,0.00969370153016363,0.0
1,6,5,0.009601394895297748,0.0
1,6,6,0.009510924913846539,0.0
1,6,7,0.009424249074033992,0.0
1,6,8,0.009341440473690241,0.0
1,6,9,0.00926116584998676,0.0
1,6,10,0.00917883131513351,0.0
1,6,11,0.009098154387315932,0.0
1,6,12,0.009017341568392356,0.0
1,6,13,0.008936516777260215,0.0
1,6,14,0.008862264377539402,0.0
1,6,15,0.008784332539017363,0.0
1,6,16,0.00870761287514,0.0
1,6,17,0.008634937497965239,0.0
1,6,18,0.008557664683506438,0.0
1,6,19,0.008488744477630698,0.0
1,6,20,0.008416065090699367,0.0
1,6,21,0.00834547585347161,0.0
1,6,22,0.008279553693492847,0.0
1,6,23,0.00821177993577963,0.0
1,6,24,0.008146467806418846,0.0
1,6,25,0.008081944831232256,0.0
1,6,26,0.008018850564328014,0.0
1,6,27,0.00795449541924994,0.0
1,6,28,0.007893450605274223,0.0
1,6,29,0.007834707414660844,0.0
1,6,30,0.007777652585804971,0.0
1,6,31,0.007719775761311231,0.0
1,6,32,0.007664547573834793,0.0
1,6,33,0.007609525905803184,0.0
1,6,34,0.007556502628518242,0.0
1,6,35,0.00749931202768991,0.0
1,6,36,0.007445261857390717,0.0
1,6,37,0.007392082765355389,0.0
1,6,38,0.007339634646526021,0.0
1,6,39,0.007289596306524601,0.0
1,6,40,0.007243960925919689,0.0
1,6,41,0.0071942485994322585,0.0
1,6,42,0.007148114157899489,0.0
1,6,43,0.00710270090685404,0.0
1,6,44,0.00705672309134467,0.0
1,6,45,0.0070125243217360475,0.0
1,6,46,0.006968759934533799,0.0
1,6,47,0.006923369133493396,0.0
1,6,48,0.0068808801864055314,0.0
1,6,49,0.006838240976338672,0.0
1,6,50,0.006800212648028251,0.0
1,6,51,0.006763744910724987,0.0
1,6,52,0.006724669940135429,0.0
1,6,53,0.006686539255417579,0.0
1,6,54,0.006648917016479131,0.0
1,6,55,0.006609021032013202,0.0
1,6,56,0.00657687332854732,0.0
1,6,57,0.006541134754233038,0.0
1,6,58,0.006505475942161058,0.0
1,6,59,0.006471163928602392,0.0
1,6,60,0.006439411855263405,0.0
1,6,61,0.00640596570537888,0.0
1,6,62,0.006375254401491851,0.0
1,6,63,0.006343662105647428,0.0
1,6,64,0.0063178850069265605,0.0
1,6,65,0.0062886708319177895,0.0
1,6,66,0.00626662398531812,0.0
1,6,67,0.006234485142514895,0.0
1,6,68,0.006206538383878534,0.0
1,6,69,0.006180145978677677,0.0
1,6,70,0.006157841362023268,0.0
1,6,71,0.006133030221697335,0.0
1,6,72,0.006106617090783754,0.0
1,6,73,0.006080359166346035,0.0
1,6,74,0.006054997294804252,0.0
1,6,75,0.006036254576613181,0.0
1,6,76,0.006009759721220129,0.0
1,6,77,0.005990757883516113,0.0
1,6,78,0.005964261709535748,0.0
1,6,79,0.005939151267294312,0.0
1,6,80,0.005918759441553046,0.0
1,6,81,0.005895920185905035,0.0
1,6,82,0.005872967879989005,0.0
1,6,83,0.00585406773326383,0.0
1,6,84,0.00583391231342732,0.0
1,6,85,0.005815535559596843,0.0
1,6,86,0.0057994360084995976,0.0
1,6,87,0.0057864324730233715,0.0
1,6,88,0.00576544391109311,0.0
1,6,89,0.005747250935968977,0.0
1,6,90,0.005731981904542513,0.0
1,6,91,0.005715913273996644,0.0
1,6,92,0.005698832498512173,0.0
1,6,93,0.005680983606043918,0.0
1,6,94,0.005659853982061715,0.0
1,6,95,0.005643250965696286,0.0
1,6,96,0.005625199345318323,0.0
1,6,97,0.00561212715706992,0.0
1,6,98,0.005593439541492383,0.0
1,6,99,0.005572041314877329,0.0
1,6,100,0.005559625151585998,0.0
1,7,1,0.009909291042740992,0.0
1,7,2,0.009807014359021168,0.0
1,7,3,0.00971441670031515,0.0
1,7,4,0.009607323633311009,0.0
1,7,5,0.009513852071497006,0.0
1,7,6,0.009420947763563236,0.0
1,7,7,0.00933180317513739,0.0
1,7,8,0.009247776086097228,0.0
1,7,9,0.009160743553479258,0.0
1,7,10,0.009077202454822632,0.0
1,7,11,0.008988659852605928,0.0
1,7,12,0.008906104892750266,0.0
1,7,13,0.008825934138166104,0.0
1,7,14,0.008747512027240015,0.0
1,7,15,0.008671927797642037,0.0
1,7,16,0.008597308287575225,0.0
1,7,17,0.008520310297700404,0.0
1,7,18,0.008446032910160002,0.0
1,7,19,0.008376186730644965,0.0
1,7,20,0.008304405328630119,0.0
1,7,21,0.0082353396397463,0.0
1,7,22,0.00816606140667302,0.0
1,7,23,0.008101014868472197,0.0
1,7,24,0.008032150654068544,0.0
1,7,25,0.00796419803324385,0.0
1,7,26,0.007898111220118093,0.0
1,7,27,0.007838218864099227,0.0
1,7,28,0.007773476280937079,0.0
1,7,29,0.007715020017043334,0.0
1,7,30,0.007654492496412622,0.0
1,7,31,0.007593717143462181,0.0
1,7,32,0.00753450363051549,0.0
1,7,33,0.007481620818960763,0.0
1,7,34,0.007428098857628302,0.0
1,7,35,0.007374047353961276,0.0
1,7,36,0.007323673665244037,0.0
1,7,37,0.007276432940906415,0.0
1,7,38,0.007228525769021415,0.0
1,7,39,0.007180755757867497,0.0
1,7,40,0.0071329471663391965,0.0
1,7,41,0.00709257678252824,0.0
1,7,42,0.007038870056446638,0.0
1,7,43,0.006997095284398894,0.0
1,7,44,0.006950031873947696,0.0
1,7,45,0.006909704969215442,0.0
1,7,46,0.006867006363463844,0.0
1,7,47,0.0068289649930236215,0.0
1,7,48,0.006789003271174897,0.0
1,7,49,0.006751365575353707,0.0
1,7,50,0.0067090936264144,0.0
1,7,51,0.006670202264900052,0.0
1,7,52,0.00663034328811187,0.0
1,7,53,0.0065934951404958125,0.0
1,7,54,0.0065583644161666555,0.0
1,7,55,0.0065244858343038534,0.0
1,7,56,0.006486709341696109,0.0
1,7,57,0.00644274774618862,0.0
1,7,58,0.006408517838868878,0.0
1,7,59,0.0063775578408306515,0.0
1,7,60,0.006340357468423703,0.0
1,7,61,0.006301124569806924,0.0
1,7,62,0.006271381461864535,0.0
1,7,63,0.006242418669278712,0.0
1,7,64,0.006210895826546892,0.0
1,7,65,0.006182920483277318,0.0
1,7,66,0.00614830971139066,0.0
1,7,67,0.006120664305744747,0.0
1,7,68,0.0060877367436837915,0.0
1,7,69,0.0060622012311458496,0.0
1,7,70,0.006036950249760361,0.0
1,7,71,0.0060102955528099,0.0
1,7,72,0.0059808702620737465,0.0
1,7,73,0.005959922296989963,0.0
1,7,74,0.005938107133307901,0.0
1,7,75,0.005918614635846459,0.0
1,7,76,0.005896733393707055,0.0
1,7,77,0.005874055707962012,0.0
1,7,78,0.005852402973918501,0.0
1,7,79,0.005825323907350266,0.0
1,7,80,0.0058046299970770055,0.0
1,7,81,0.005782580988127061,0.0
1,7,82,0.005759603313426716,0.0
1,7,83,0.005737251305633131,0.0
1,7,84,0.005713054767553009,0.0
1,7,85,0.005694164035848279,0.0
1,7,86,0.005665927562860316,0.0
1,7,87,0.005644047939296237,0.0
1,7,88,0.00563134725624032,0.0
1,7,89,0.005609331969271983,0.0
1,7,90,0.005597564549747351,0.0
1,7,91,0.005584416033452018,0.0
1,7,92,0.005550968969081809,0.0
1,7,93,0.0055411501634916776,0.0
1,7,94,0.00552929469415052,0.0
1,7,95,0.005506513627867348,0.0
1,7,96,0.005493415498328641,0.0
1,7,97,0.005481081161091552,0.0
1,7,98,0.005484261956088556,0.0
1,7,99,0.00545577981811951,0.0
1,7,100,0.005430046001777943,0.0
1,8,1,0.009865059384589836,0.0
1,8,2,0.009749676876978641,0.0
1,8,3,0.009657556495697843,0.0
1,8,4,0.009568775453006677,0.0
1,8,5,0.009480951065819568,0.0
1,8,6,0.009392848082663186,0.0
1,8,7,0.009297950938945379,0.0
1,8,8,0.009207864274450781,0.0
1,8,9,0.009121744464615797,0.0
1,8,10,0.009039936864017956,0.0
1,8,11,0.00895888121175519,0.0
1,8,12,0.008878053482629234,0.0
1,8,13,0.008797162094324844,0.0
1,8,14,0.008719258909715526,0.0
1,8,15,0.008643661672685925,0.0
1,8,16,0.008569544283937828,0.0
1,8,17,0.008498513334328403,0.0
1,8,18,0.008424032896463358,0.0
1,8,19,0.008354269495639374,0.0
1,8,20,0.008275645847432015,0.0
1,8,21,0.008207765169342797,0.0
1,8,22,0.00813759959560332,0.0
1,8,23,0.008069735929405013,0.0
1,8,24,0.008007668990876625,0.0
1,8,25,0.00794649374153261,0.0
1,8,26,0.00788463810146512,0.0
1,8,27,0.00782505370154856,0.0
1,8,28,0.007762647781158196,0.0
1,8,29,0.007704761493928881,0.0
1,8,30,0.007639375283781534,0.0
1,8,31,0.007581760668464266,0.0
1,8,32,0.007522744516282664,0.0
1,8,33,0.007472567338230315,0.0
1,8,34,0.007424954375463101,0.0
1,8,35,0.00737412591637489,0.0
1,8,36,0.00732298285192439,0.0
1,8,37,0.007274971355167484,0.0
1,8,38,0.007226239073474986,0.0
1,8,39,0.007175488273426289,0.0
1,8,40,0.007132130929396391,0.0
1,8,41,0.007085630237739658,0.0
1,8,42,0.007040044597539263,0.0
1,8,43,0.006994652488297401,0.0
1,8,44,0.00694744540520064,0.0
1,8,45,0.0069030316429976105,0.0
1,8,46,0.006859646509539006,0.0
1,8,47,0.00681942532451412,0.0
1,8,48,0.006776432470329905,0.0
1,8,49,0.006738761946671459,0.0
1,8,50,0.006699400395947828,0.0
1,8,51,0.006661345715891291,0.0
1,8,52,0.006623361382467888,0.0
1,8,53,0.006590108589338433,0.0
1,8,54,0.006552196953311043,0.0
1,8,55,0.006515202197277679,0.0
1,8,56,0.006483331212964564,0.0
1,8,57,0.006451401658178975,0.0
1,8,58,0.006418905708508595,0.0
1,8,59,0.0063808027406088595,0.0
1,8,60,0.0063479988923048425,0.0
1,8,61,0.006317490250504188,0.0
1,8,62,0.006289700663962985,0.0
1,8,63,0.006261186412776284,0.0
1,8,64,0.006234708048889613,0.0
1,8,65,0.006204339323531684,0.0
1,8,66,0.0061750708915284495,0.0
1,8,67,0.006150286891392165,0.0
1,8,68,0.006124812845781618,0.0
1,8,69,0.006102618531573758,0.0
1,8,70,0.006078291434587961,0.0
1,8,71,0.0060524812209763225,0.0
1,8,72,0.006030181296241972,0.0
1,8,73,0.006015595359484561,0.0
1,8,74,0.006005704440312807,0.0
1,8,75,0.005966093758682829,0.0
1,8,76,0.005939908057515969,0.0
1,8,77,0.005916557444070118,0.0
1,8,78,0.005897068813929697,0.0
1,8,79,0.005877013554963411,0.0
1,8,80,0.005854876850950881,0.0
1,8,81,0.005831742178066084,0.0
1,8,82,0.005814765392052544,0.0
1,8,83,0.005792474790517578,0.0
1,8,84,0.005777435049532506,0.0
1,8,85,0.0057608159908036465,0.0
1,8,86,0.005740367486351244,0.0
1,8,87,0.005722564788550433,0.0
1,8,88,0.005705653309560311,0.0
1,8,89,0.005695903073305265,0.0
1,8,90,0.005678015130028865,0.0
1,8,91,0.005663280668687071,0.0
1,8,92,0.005647914839460251,0.0
1,8,93,0.005634719089595932,0.0
1,8,94,0.005617924131788511,0.0
1,8,95,0.005603112088973865,0.0
1,8,96,0.005587453083138346,0.0
1,8,97,0.005575573532056392,0.0
1,8,98,0.005566372761748162,0.0
1,8,99,0.005553413386924807,0.0
1,8,100,0.0055348491553304496,0.0
1,9,1,0.009734569467865528,0.0
1,9,2,0.00964570127272217,0.0
1,9,3,0.009551901856882528,0.0
1,9,4,0.00944674783946172,0.0
1,9,5,0.009355403691770627,0.0
1,9,6,0.009264959062631037,0.0
1,9,7,0.009176920046371004,0.0
1,9,8,0.009094902814112692,0.0
1,9,9,0.009008805420029548,0.0
1,9,10,0.00892486192700442,0.0
1,9,11,0.008851028924360724,0.0
1,9,12,0.008771213786685493,0.0
1,9,13,0.008695664946290394,0.0
1,9,14,0.008614520478437122,0.0
1,9,15,0.008544387439358548,0.0
1,9,16,0.008475113072543585,0.0
1,9,17,0.008401268579124457,0.0
1,9,18,0.008341104788976714,0.0
1,9,19,0.008270597237508262,0.0
1,9,20,0.008203691937384076,0.0
1,9,21,0.008134410020844064,0.0
1,9,22,0.008071098906833139,0.0
1,9,23,0.0080003029683474,0.0
1,9,24,0.00793691734906039,0.0
1,9,25,0.007881158489336813,0.0
1,9,26,0.007825105063939608,0.0
1,9,27,0.007774141926748366,0.0
1,9,28,0.0077219546958227974,0.0
1,9,29,0.007667254662514748,0.0
1,9,30,0.007611112879223265,0.0
1,9,31,0.007555903793320792,0.0
1,9,32,0.007500866495203964,0.0
1,9,33,0.007449368702609292,0.0
1,9,34,0.007399133997635294,0.0
1,9,35,0.0073520849137721405,0.0
1,9,36,0.007304669874507799,0.0
1,9,37,0.00725832419686797,0.0
1,9,38,0.007212067479829909,0.0
1,9,39,0.007164993641662646,0.0
1,9,40,0.007123801165216127,0.0
1,9,41,0.007081190976789389,0.0
1,9,42,0.0070345709629965345,0.0
1,9,43,0.006994453924258423,0.0
1,9,44,0.006956315348190304,0.0
1,9,45,0.006923189982084437,0.0
1,9,46,0.006881305833479431,0.0
1,9,47,0.0068355987758319395,0.0
1,9,48,0.006797177317951383,0.0
1,9,49,0.006757765142071877,0.0
1,9,50,0.006716012216161389,0.0
1,9,51,0.006681416994264915,0.0
1,9,52,0.006649251991206457,0.0
1,9,53,0.00661378928195233,0.0
1,9,54,0.006582974243055917,0.0
1,9,55,0.006555212076269867,0.0
1,9,56,0.006521787954064898,0.0
1,9,57,0.006488569661124885,0.0
1,9,58,0.006455624044557382,0.0
1,9,59,0.006426492341534076,0.0
1,9,60,0.006399802713091167,0.0
1,9,61,0.006372194283641105,0.0
1,9,62,0.006346749430020468,0.0
1,9,63,0.006320487005987382,0.0
1,9,64,0.006290819669633415,0.0
1,9,65,0.006266399799562912,0.0
1,9,66,0.006240185420414902,0.0
1,9,67,0.006216933661922244,0.0
1,9,68,0.0061867142297378774,0.0
1,9,69,0.006156711642163604,0.0
1,9,70,0.006133587557685235,0.0
1,9,71,0.006113341162543912,0.0
1,9,72,0.006090878032131487,0.0
1,9,73,0.0060739296011033264,0.0
1,9,74,0.00605144975332817,0.0
1,9,75,0.006024212067473057,0.0
1,9,76,0.006002365673959603,0.0
1,9,77,0.0059795724062916555,0.0
1,9,78,0.005958650984462188,0.0
1,9,79,0.005932133160077014,0.0
1,9,80,0.005914138043172851,0.0
1,9,81,0.00589546381313882,0.0
1,9,82,0.005871467694510151,0.0
1,9,83,0.0058576784573480594,0.0
1,9,84,0.005850775702209865,0.0
1,9,85,0.005826506506958197,0.0
1,9,86,0.0058124706078271525,0.0
1,9,87,0.005796377734443537,0.0
1,9,88,0.005783818595420696,0.0
1,9,89,0.005765497061210122,0.0
1,9,90,0.005749999889064624,0.0
1,9,91,0.005734785536529502,0.0
1,9,92,0.005720883953728447,0.0
1,9,93,0.005705140198772577,0.0
1,9,94,0.005690371729869055,0.0
1,9,95,0.005677666938186101,0.0
1,9,96,0.0056682300066001464,0.0
1,9,97,0.0056484843809514905,0.0
1,9,98,0.005636816487121625,0.0
1,9,99,0.005630336698391422,0.0
1,9,100,0.005617189496985174,0.0
1,10,1,0.009782009530045982,0.0
1,10,2,0.009681820184308387,0.0
1,10,3,0.009585999314689933,0.0
1,10,4,0.009492181147352906,0.0
1,10,5,0.009400514883414517,0.0
1,10,6,0.009308260559826477,0.0
1,10,7,0.009221647134781583,0.0
1,10,8,0.009135204323293681,0.0
1,10,9,0.009055949305531616,0.0
1,10,10,0.008977260412396363,0.0
1,10,11,0.008900349578766415,0.0
1,10,12,0.008828644118909098,0.0
1,10,13,0.008745467231737454,0.0
1,10,14,0.008668011995451757,0.0
1,10,15,0.008597767029415605,0.0
1,10,16,0.008529747942487832,0.0
1,10,17,0.008456370159838598,0.0
1,10,18,0.008381048217557273,0.0
1,10,19,0.008316904708327234,0.0
1,10,20,0.008248526972947968,0.0
1,10,21,0.008183686868646732,0.0
1,10,22,0.008123376809369075,0.0
1,10,23,0.008058798287367563,0.0
1,10,24,0.007996506590312001,0.0
1,10,25,0.007936764966934521,0.0
1,10,26,0.007878274756261593,0.0
1,10,27,0.007820989448644578,0.0
1,10,28,0.0077625175466245555,0.0
1,10,29,0.007706025193381077,0.0
1,10,30,0.007651484021191704,0.0
1,10,31,0.007597107984068012,0.0
1,10,32,0.007543000995187742,0.0
1,10,33,0.007490011644288417,0.0
1,10,34,0.007438535525051287,0.0
1,10,35,0.007388935757964604,0.0
1,10,36,0.007340892387488429,0.0
1,10,37,0.007290562493930801,0.0
1,10,38,0.007242672196809094,0.0
1,10,39,0.007198311089926167,0.0
1,10,40,0.007152175682055985,0.0
1,10,41,0.007107241833312286,0.0
1,10,42,0.00706290515893938,0.0
1,10,43,0.0070209596619330095,0.0
1,10,44,0.006981671060440729,0.0
1,10,45,0.00694684891407381,0.0
1,10,46,0.006905354800555694,0.0
1,10,47,0.00687154184341357,0.0
1,10,48,0.0068268848940833795,0.0
1,10,49,0.006787429233415553,0.0
1,10,50,0.006748453326583886,0.0
1,10,51,0.006714965585412084,0.0
1,10,52,0.006674978964928536,0.0
1,10,53,0.00664229943106687,0.0
1,10,54,0.0066087145509111135,0.0
1,10,55,0.006572204383246193,0.0
1,10,56,0.006539064463243851,0.0
1,10,57,0.0065117407364118,0.0
1,10,58,0.0064842122748628795,0.0
1,10,59,0.006448088033944144,0.0
1,10,60,0.006417364308261682,0.0
1,10,61,0.006389092076468373,0.0
1,10,62,0.006355321914700629,0.0
1,10,63,0.006331372639017939,0.0
1,10,64,0.006303086394806185,0.0
1,10,65,0.006278066066639239,0.0
1,10,66,0.006247145904874836,0.0
1,10,67,0.006222050116309615,0.0
1,10,68,0.006197990014931026,0.0
1,10,69,0.006172104422580576,0.0
1,10,70,0.006155097360091426,0.0
1,10,71,0.006128918249230232,0.0
1,10,72,0.00611312719733901,0.0
1,10,73,0.0060837603209578685,0.0
1,10,74,0.006057555518260405,0.0
1,10,75,0.006040491920347427,0.0
1,10,76,0.0060190555972523905,0.0
1,10,77,0.006001378364434512,0.0
1,10,78,0.005982992282155927,0.0
1,10,79,0.005964112324698366,0.0
1,10,80,0.005945499972642301,0.0
1,10,81,0.005916453429448832,0.0
1,10,82,0.005893526508905995,0.0
1,10,83,0.005882215803874538,0.0
1,10,84,0.005867411143977847,0.0
1,10,85,0.0058446032541507025,0.0
1,10,86,0.005832380032879696,0.0
1,10,87,0.005811905750768014,0.0
1,10,88,0.005794695103497697,0.0
1,10,89,0.005780533177930794,0.0
1,10,90,0.005771048421875595,0.0
1,10,91,0.005753030372604446,0.0
1,10,92,0.0057373435667657504,0.0
1,10,93,0.005724333262188352,0.0
1,10,94,0.0057100528625659746,0.0
1,10,95,0.005694460616616324,0.0
1,10,96,0.005683396714305194,0.0
1,10,97,0.00566692093274121,0.0
1,10,98,0.0056541450148140234,0.0
1,10,99,0.00563731788062676,0.0
1,10,100,0.005634046394982459,0.0
2,1,1,0.009820799809658567,0.0
2,1,2,0.009722843071950924,0.0
2,1,3,0.00962688451961327,0.0
2,1,4,0.009533835988538922,0.0
2,1,5,0.009442439886497742,0.0
2,1,6,0.009352625463112005,0.0
2,1,7,0.009264563544516012,0.0
2,1,8,0.009178061291333658,0.0
2,1,9,0.009093100468791412,0.0
2,1,10,0.009009704784498848,0.0
2,1,11,0.008927809065449545,0.0
2,1,12,0.00884735251911477,0.0
2,1,13,0.008768371474386989,0.0
2,1,14,0.00869084322396424,0.0
2,1,15,0.008614706338366078,0.0
2,1,16,0.008539888647595148,0.0
2,1,17,0.008466473476552508,0.0
2,1,18,0.00839437161244514,0.0
2,1,19,0.008323521166843732,0.0
2,1,20,0.008254084760752246,0.0
2,1,21,0.008185853552308721,0.0
2,1,22,0.008118865739816648,0.0
2,1,23,0.008053073921968346,0.0
2,1,24,0.00798849074789532,0.0
2,1,25,0.007925128036542306,0.0
2,1,26,0.007862858669416778,0.0
2,1,27,0.007801750963042608,0.0
2,1,28,0.007741797487057761,0.0
2,1,29,0.00768295425597123,0.0
2,1,30,0.0076251772278041465,0.0
2,1,31,0.007568398825452596,0.0
2,1,32,0.007512689033779415,0.0
2,1,33,0.007458095999422516,0.0
2,1,34,0.007404447657491439,0.0
2,1,35,0.0073518389914388185,0.0
2,1,36,0.007300280241764304,0.0
2,1,37,0.007249573556645179,0.0
2,1,38,0.007199803987734438,0.0
2,1,39,0.007150908519569842,0.0
2,1,40,0.007102972862853449,0.0
2,1,41,0.007055947361630684,0.0
2,1,42,0.007009817292639573,0.0
2,1,43,0.0069645742328528935,0.0
2,1,44,0.006920136435276965,0.0
2,1,45,0.006876571092040774,0.0
2,1,46,0.006833837026102653,0.0
2,1,47,0.006791807674398608,0.0
2,1,48,0.006750690854119674,0.0
2,1,49,0.006710284440912161,0.0
2,1,50,0.006670651990805323,0.0
2,1,51,0.006631777212064141,0.0
2,1,52,0.006593611454356579,0.0
2,1,53,0.006556216125081453,0.0
2,1,54,0.00651955367526577,0.0
2,1,55,0.006483573897648107,0.0
2,1,56,0.006448253636481266,0.0
2,1,57,0.006413661954939608,0.0
2,1,58,0.006379682236425688,0.0
2,1,59,0.006346307342955311,0.0
2,1,60,0.006313638230795017,0.0
2,1,61,0.006281533174015331,0.0
2,1,62,0.006250060023272449,0.0
2,1,63,0.006219259789436736,0.0
2,1,64,0.006189044615173961,0.0
2,1,65,0.006159419131207416,0.0
2,1,66,0.006130311349886244,0.0
2,1,67,0.006101829688730668,0.0
2,1,68,0.006073816972044433,0.0
2,1,69,0.006046483936922225,0.0
2,1,70,0.006019543811589623,0.0
2,1,71,0.0059931283869478005,0.0
2,1,72,0.005967258319250564,0.0
2,1,73,0.00594193534338895,0.0
2,1,74,0.005917104256790637,0.0
2,1,75,0.00589276712384716,0.0
2,1,76,0.005868855150939195,0.0
2,1,77,0.005845387779216334,0.0
2,1,78,0.005822394622484469,0.0
2,1,79,0.005799893046623284,0.0
2,1,80,0.005777815873934634,0.0
2,1,81,0.005756198118789709,0.0
2,1,82,0.005735002606962525,0.0
2,1,83,0.0057142449727008385,0.0
2,1,84,0.005693871348337254,0.0
2,1,85,0.005673877696304373,0.0
2,1,86,0.005654338142566463,0.0
2,1,87,0.0056351429879528386,0.0
2,1,88,0.005616374156150802,0.0
2,1,89,0.00559790563330274,0.0
2,1,90,0.005579901483715206,0.0
2,1,91,0.005562221964362527,0.0
2,1,92,0.0055448621327686696,0.0
2,1,93,0.005527947595282008,0.0
2,1,94,0.0055112020394411385,0.0
2,1,95,0.005494907901593362,0.0
2,1,96,0.005478864264236216,0.0
2,1,97,0.00546319562105987,0.0
2,1,98,0.005447848811727687,0.0
2,1,99,0.005432953367325295,0.0
2,1,100,0.005418266064532052,0.0
2,2,1,0.009879158833296212,0.0
2,2,2,0.009777550836670576,0.0
2,2,3,0.00968195680323839,0.0
2,2,4,0.009584200072821888,0.0
2,2,5,0.009491022075762566,0.0
2,2,6,0.009398133398060391,0.0
2,2,7,0.009310270361514678,0.0
2,2,8,0.009226971985095016,0.0
2,2,9,0.009141655792292388,0.0
2,2,10,0.009056717764539743,0.0
2,2,11,0.008974688485201538,0.0
2,2,12,0.008890875427563515,0.0
2,2,13,0.008811142143515223,0.0
2,2,14,0.008732404808685408,0.0
2,2,15,0.0086547481359282,0.0
2,2,16,0.008581338034241706,0.0
2,2,17,0.008505049840516758,0.0
2,2,18,0.008431268192999377,0.0
2,2,19,0.008359434715151593,0.0
2,2,20,0.008291172656208122,0.0
2,2,21,0.008221157569647588,0.0
2,2,22,0.008153607388567102,0.0
2,2,23,0.008086688447271256,0.0
2,2,24,0.008022586168907817,0.0
2,2,25,0.007958589936515416,0.0
2,2,26,0.007897491262078716,0.0
2,2,27,0.00783535353362014,0.0
2,2,28,0.007773241796769707,0.0
2,2,29,0.007715059603324221,0.0
2,2,30,0.0076546352930389975,0.0
2,2,31,0.007597684809386055,0.0
2,2,32,0.007542650527584155,0.0
2,2,33,0.00748674379749324,0.0
2,2,34,0.007431390452536939,0.0
2,2,35,0.007377333714777416,0.0
2,2,36,0.007324429455744628,0.0
2,2,37,0.007273988284046774,0.0
2,2,38,0.007226403898390585,0.0
2,2,39,0.007176126832329079,0.0
2,2,40,0.007126625091128843,0.0
2,2,41,0.007078865928828699,0.0
2,2,42,0.007032344342323428,0.0
2,2,43,0.0069856916288191665,0.0
2,2,44,0.006938640301924151,0.0
2,2,45,0.006894516407632766,0.0
2,2,46,0.006851872532604576,0.0
2,2,47,0.006809679680944494,0.0
2,2,48,0.006767539319321577,0.0
2,2,49,0.006727479652407264,0.0
2,2,50,0.006688375824662893,0.0
2,2,51,0.006647372706818576,0.0
2,2,52,0.006609005499608647,0.0
2,2,53,0.006571419959996772,0.0
2,2,54,0.0065329990661087715,0.0
2,2,55,0.006495893874604062,0.0
2,2,56,0.006460385072685905,0.0
2,2,57,0.006424158640751421,0.0
2,2,58,0.006389911372795225,0.0
2,2,59,0.006357392941038669,0.0
2,2,60,0.006323226406545828,0.0
2,2,61,0.006289704408151833,0.0
2,2,62,0.006256406865709237,0.0
2,2,63,0.006225102458542924,0.0
2,2,64,0.006196823787042626,0.0
2,2,65,0.006166702246352687,0.0
2,2,66,0.0061381226836332795,0.0
2,2,67,0.0061050871845395194,0.0
2,2,68,0.006077816485557687,0.0
2,2,69,0.00604969196303379,0.0
2,2,70,0.006024770754560255,0.0
2,2,71,0.005998392620212109,0.0
2,2,72,0.005970805418952466,0.0
2,2,73,0.0059466586603298234,0.0
2,2,74,0.005920226008827075,0.0
2,2,75,0.005895505843518202,0.0
2,2,76,0.005869856382169532,0.0
2,2,77,0.005845984648903267,0.0
2,2,78,0.005823329953720465,0.0
2,2,79,0.005802135322507904,0.0
2,2,80,0.0057812634323090905,0.0
2,2,81,0.005755128571678479,0.0
2,2,82,0.005733533964632865,0.0
2,2,83,0.005713324094245629,0.0
2,2,84,0.005690801693061932,0.0
2,2,85,0.005670409563642438,0.0
2,2,86,0.00564950337486699,0.0
2,2,87,0.005630864867545103,0.0
2,2,88,0.005614040139091604,0.0
2,2,89,0.005593600911811169,0.0
2,2,90,0.0055746959369334425,0.0
2,2,91,0.005557650016286759,0.0
2,2,92,0.005539011499918025,0.0
2,2,93,0.0055218608953270755,0.0
2,2,94,0.005501203780930621,0.0
2,2,95,0.00548557576749138,0.0
2,2,96,0.00546910258203476,0.0
2,2,97,0.005452991032116614,0.0
2,2,98,0.005436034857416745,0.0
2,2,99,0.005421750986612496,0.0
2,2,100,0.005406233091832234,0.0
2,3,1,0.009842836950170453,0.0
2,3,2,0.009737719047312495,0.0
2,3,3,0.009643304873387899,0.0
2,3,4,0.009548657395959542,0.0
2,3,5,0.009452458442771912,0.0
2,3,6,0.009361551713448674,0.0
2,3,7,0.009272824952538007,0.0
2,3,8,0.009186526750374466,0.0
2,3,9,0.009105254502815506,0.0
2,3,10,0.009015482452142535,0.0
2,3,11,0.008933401615496673,0.0
2,3,12,0.008848766543992411,0.0
2,3,13,0.008770390174212364,0.0
2,3,14,0.008689816027220165,0.0
2,3,15,0.008614041854202977,0.0
2,3,16,0.008538281839814484,0.0
2,3,17,0.008462579238267421,0.0
2,3,18,0.008391270347518336,0.0
2,3,19,0.00832000266476021,0.0
2,3,20,0.008249348478999954,0.0
2,3,21,0.008180515121903074,0.0
2,3,22,0.008111075634646116,0.0
2,3,23,0.008044440522851713,0.0
2,3,24,0.007978292503578857,0.0
2,3,25,0.007911840110976431,0.0
2,3,26,0.007847846452066726,0.0
2,3,27,0.007787489563024874,0.0
2,3,28,0.007727697681183444,0.0
2,3,29,0.007669571256304722,0.0
2,3,30,0.007610580273854844,0.0
2,3,31,0.0075524652870839985,0.0
2,3,32,0.007496531695786734,0.0
2,3,33,0.007438604793415327,0.0
2,3,34,0.007384825474446335,0.0
2,3,35,0.007330550838738292,0.0
2,3,36,0.007276783777360283,0.0
2,3,37,0.007226434268514376,0.0
2,3,38,0.007175592754424062,0.0
2,3,39,0.007130125397630752,0.0
2,3,40,0.0070818197888431605,0.0
2,3,41,0.0070298786276716055,0.0
2,3,42,0.006985471791195194,0.0
2,3,43,0.006937026296487703,0.0
2,3,44,0.006893894786965004,0.0
2,3,45,0.006848778749376442,0.0
2,3,46,0.006803309421881807,0.0
2,3,47,0.0067611956313305376,0.0
2,3,48,0.006720581409912937,0.0
2,3,49,0.006679987005210651,0.0
2,3,50,0.006639606074495408,0.0
2,3,51,0.006598912370396165,0.0
2,3,52,0.006559612440681474,0.0
2,3,53,0.006522258389443566,0.0
2,3,54,0.0064901197879864035,0.0
2,3,55,0.006454210016381788,0.0
2,3,56,0.006418015953290504,0.0
2,3,57,0.0063844587322734415,0.0
2,3,58,0.006353128551540766,0.0
2,3,59,0.00631847421578525,0.0
2,3,60,0.006281573418404621,0.0
2,3,61,0.006253137711716224,0.0
2,3,62,0.006223664585538262,0.0
2,3,63,0.006192731474727935,0.0
2,3,64,0.006162906084347881,0.0
2,3,65,0.006130808858187739,0.0
2,3,66,0.006102297754825106,0.0
2,3,67,0.0060725711740334315,0.0
2,3,68,0.00604308517705637,0.0
2,3,69,0.006014025540255231,0.0
2,3,70,0.0059873434734745495,0.0
2,3,71,0.005962400055370646,0.0
2,3,72,0.005937336729022757,0.0
2,3,73,0.005909474260110116,0.0
2,3,74,0.005888558789888416,0.0
2,3,75,0.005860846264468761,0.0
2,3,76,0.0058400679822295486,0.0
2,3,77,0.0058156338169452005,0.0
2,3,78,0.00579139737429944,0.0
2,3,79,0.005767843726603167,0.0
2,3,80,0.00574122612142673,0.0
2,3,81,0.005715996998127885,0.0
2,3,82,0.005699467948831884,0.0
2,3,83,0.005677856918281813,0.0
2,3,84,0.005653115610155963,0.0
2,3,85,0.005632309552710769,0.0
2,3,86,0.005614309873895603,0.0
2,3,87,0.0055992106772391175,0.0
2,3,88,0.005576077635183466,0.0
2,3,89,0.005561748273572797,0.0
2,3,90,0.0055441048544271725,0.0
2,3,91,0.005520450923709907,0.0
2,3,92,0.005502620384661029,0.0
2,3,93,0.005481148289593372,0.0
2,3,94,0.005462368522283357,0.0
2,3,95,0.005445588522359203,0.0
2,3,96,0.00543064378424857,0.0
2,3,97,0.005413446130710866,0.0
2,3,98,0.005397763652242608,0.0
2,3,99,0.0053833528430929905,0.0
2,3,100,0.005373647801356117,0.0
2,4,1,0.009846976122247919,0.0
2,4,2,0.009743989304563359,0.0
2,4,3,0.009648427199675885,0.0
2,4,4,0.009547784276905084,0.0
2,4,5,0.009457754336450162,0.0
2,4,6,0.009366405728843306,0.0
2,4,7,0.009275468106126722,0.0
2,4,8,0.009190925208456017,0.0
2,4,9,0.009106993678325353,0.0
2,4,10,0.00902577936953022,0.0
2,4,11,0.008942526637322035,0.0
2,4,12,0.008862706517837557,0.0
2,4,13,0.008779845785396805,0.0
2,4,14,0.00870214809264378,0.0
2,4,15,0.008623674360260637,0.0
2,4,16,0.008548500333067777,0.0
2,4,17,0.008474147474229036,0.0
2,4,18,0.008401076258656914,0.0
2,4,19,0.008329606908632005,0.0
2,4,20,0.008259787444405121,0.0
2,4,21,0.00819076775483498,0.0
2,4,22,0.008126786237052003,0.0
2,4,23,0.008058628412014575,0.0
2,4,24,0.007994414183725316,0.0
2,4,25,0.007931119667104138,0.0
2,4,26,0.007870441393926769,0.0
2,4,27,0.0078092843421077845,0.0
2,4,28,0.007747475522309533,0.0
2,4,29,0.007688296949100013,0.0
2,4,30,0.007631314378365739,0.0
2,4,31,0.007573436589826693,0.0
2,4,32,0.007520890117730155,0.0
2,4,33,0.007468989650705228,0.0
2,4,34,0.007416140709441465,0.0
2,4,35,0.007366959143206221,0.0
2,4,36,0.0073168610442123725,0.0
2,4,37,0.007267092795440098,0.0
2,4,38,0.00721938738398142,0.0
2,4,39,0.007170914117185775,0.0
2,4,40,0.007124908170146085,0.0
2,4,41,0.007076002857167163,0.0
2,4,42,0.0070305125137822165,0.0
2,4,43,0.0069873686825643565,0.0
2,4,44,0.0069483736498152674,0.0
2,4,45,0.00690629744431441,0.0
2,4,46,0.006862958924957523,0.0
2,4,47,0.00682178599090067,0.0
2,4,48,0.0067831823831580144,0.0
2,4,49,0.0067466228202355425,0.0
2,4,50,0.0067081719268576355,0.0
2,4,51,0.006670701363951087,0.0
2,4,52,0.006637565184146526,0.0
2,4,53,0.006598057193997241,0.0
2,4,54,0.006562050967811336,0.0
2,4,55,0.006529145725233293,0.0
2,4,56,0.006496077756610756,0.0
2,4,57,0.006463057431052464,0.0
2,4,58,0.0064296342006187725,0.0
2,4,59,0.00639683376988957,0.0
2,4,60,0.006365296862759793,0.0
2,4,61,0.0063344258290154365,0.0
2,4,62,0.006305574520099756,0.0
2,4,63,0.0062786872305000165,0.0
2,4,64,0.006252263816537258,0.0
2,4,65,0.006226621228369937,0.0
2,4,66,0.006197291182083315,0.0
2,4,67,0.0061686836527353375,0.0
2,4,68,0.006144001551706055,0.0
2,4,69,0.006119383749705939,0.0
2,4,70,0.006095806166604168,0.0
2,4,71,0.006070898822492047,0.0
2,4,72,0.0060445915451367025,0.0
2,4,73,0.006021427490947735,0.0
2,4,74,0.005995687636481858,0.0
2,4,75,0.005972332766185635,0.0
2,4,76,0.005948716699109711,0.0
2,4,77,0.005925438858659554,0.0
2,4,78,0.005904683089646235,0.0
2,4,79,0.0058835568964080215,0.0
2,4,80,0.005863108192679798,0.0
2,4,81,0.005845533851684581,0.0
2,4,82,0.005826903677921645,0.0
2,4,83,0.005807343466985584,0.0
2,4,84,0.00578845268183707,0.0
2,4,85,0.005767898548323998,0.0
2,4,86,0.005746889195146044,0.0
2,4,87,0.005730641668276363,0.0
2,4,88,0.005713324608536078,0.0
2,4,89,0.005701406501429873,0.0
2,4,90,0.005685577667491931,0.0
2,4,91,0.005675003207985086,0.0
2,4,92,0.005657936036796586,0.0
2,4,93,0.005641647612626734,0.0
2,4,94,0.005629802296426181,0.0
2,4,95,0.00561327845225118,0.0
2,4,96,0.005600618303548453,0.0
2,4,97,0.0055854247549052055,0.0
2,4,98,0.005571459269844128,0.0
2,4,99,0.005557747032808713,0.0
2,4,100,0.005544067663089913,0.0
2,5,1,0.009755288021317712,0.0
2,5,2,0.009657005620150741,0.0
2,5,3,0.009570691146564819,0.0
2,5,4,0.009480879562053342,0.0
2,5,5,0.009396036429301577,0.0
2,5,6,0.009303862762968563,0.0
2,5,7,0.009220706393601211,0.0
2,5,8,0.009138739367051658,0.0
2,5,9,0.00906257880075072,0.0
2,5,10,0.00898121397517162,0.0
2,5,11,0.008903452557261262,0.0
2,5,12,0.008827039807456511,0.0
2,5,13,0.008753498892764921,0.0
2,5,14,0.008685531455029916,0.0
2,5,15,0.008614691515760685,0.0
2,5,16,0.008550091897184404,0.0
2,5,17,0.008479742327109586,0.0
2,5,18,0.00841267237706503,0.0
2,5,19,0.008348871171193728,0.0
2,5,20,0.008285235864004004,0.0
2,5,21,0.008217073223683096,0.0
2,5,22,0.008156055333342035,0.0
2,5,23,0.008093380512924997,0.0
2,5,24,0.008030631727182873,0.0
2,5,25,0.007970041467413575,0.0
2,5,26,0.007912622987844859,0.0
2,5,27,0.00785237500864639,0.0
2,5,28,0.007796949014974414,0.0
2,5,29,0.007754265798327113,0.0
2,5,30,0.007701608404110498,0.0
2,5,31,0.00765225645317775,0.0
2,5,32,0.007594063796919154,0.0
2,5,33,0.007545326438568128,0.0
2,5,34,0.007496352219773088,0.0
2,5,35,0.0074453786465170915,0.0
2,5,36,0.007395080335169306,0.0
2,5,37,0.0073487846102479,0.0
2,5,38,0.0073003502348978075,0.0
2,5,39,0.0072539069276254114,0.0
2,5,40,0.007211304612308797,0.0
2,5,41,0.007165428169087,0.0
2,5,42,0.007124813537884843,0.0
2,5,43,0.007078530445549774,0.0
2,5,44,0.007042459776541603,0.0
2,5,45,0.0069999601126244605,0.0
2,5,46,0.006961019697773469,0.0
2,5,47,0.006924170400292482,0.0
2,5,48,0.006882732179609331,0.0
2,5,49,0.00684825608239044,0.0
2,5,50,0.006814070162588325,0.0
2,5,51,0.006776610032228574,0.0
2,5,52,0.006742481224476314,0.0
2,5,53,0.006710666589817231,0.0
2,5,54,0.006669339810710752,0.0
2,5,55,0.006636890032334991,0.0
2,5,56,0.0066070029041774715,0.0
2,5,57,0.0065830193774251925,0.0
2,5,58,0.0065430957442959075,0.0
2,5,59,0.006508749139458646,0.0
2,5,60,0.006474870568235785,0.0
2,5,61,0.006448638361287299,0.0
2,5,62,0.006419649440271904,0.0
2,5,63,0.006388981583598419,0.0
2,5,64,0.006362124100761337,0.0
2,5,65,0.006329982821398356,0.0
2,5,66,0.006304357072567277,0.0
2,5,67,0.006280618871458556,0.0
2,5,68,0.00625618405177551,0.0
2,5,69,0.006229444629293035,0.0
2,5,70,0.006199782577781436,0.0
2,5,71,0.006173515062903934,0.0
2,5,72,0.006152669586538727,0.0
2,5,73,0.0061284947319471565,0.0
2,5,74,0.006107420522564982,0.0
2,5,75,0.0060821392973262525,0.0
2,5,76,0.006058165919523335,0.0
2,5,77,0.006033593155729211,0.0
2,5,78,0.006019153502860891,0.0
2,5,79,0.0059984666499950864,0.0
2,5,80,0.005976263530474556,0.0
2,5,81,0.005954338736500513,0.0
2,5,82,0.00593208743916812,0.0
2,5,83,0.005917474424053997,0.0
2,5,84,0.005892210780418189,0.0
2,5,85,0.005871124292209169,0.0
2,5,86,0.005855572260194756,0.0
2,5,87,0.005836070915518417,0.0
2,5,88,0.005824349271259906,0.0
2,5,89,0.005806790558903488,0.0
2,5,90,0.005790313726347632,0.0
2,5,91,0.005764295954586059,0.0
2,5,92,0.005751353505042396,0.0
2,5,93,0.005729604022662721,0.0
2,5,94,0.005717536642360746,0.0
2,5,95,0.005704812543218857,0.0
2,5,96,0.005689086960228596,0.0
2,5,97,0.005667205475115771,0.0
2,5,98,0.0056493540476299856,0.0
2,5,99,0.005634821944427819,0.0
2,5,100,0.005621376109097122,0.0
2,6,1,0.010027257414656722,0.0
2,6,2,0.009929307595299077,0.0
2,6,3,0.009831497698372481,0.0
2,6,4,0.00973385815412506,0.0
2,6,5,0.00964643776738046,0.0
2,6,6,0.009548622273658948,0.0
2,6,7,0.009459446662699099,0.0
2,6,8,0.009371868257496177,0.0
2,6,9,0.009285084344537968,0.0
2,6,10,0.009202384625309408,0.0
2,6,11,0.00912182053648409,0.0
2,6,12,0.009041058268872363,0.0
2,6,13,0.008962742031370114,0.0
2,6,14,0.008886538108409135,0.0
2,6,15,0.0088128914346868,0.0
2,6,16,0.008738110212310187,0.0
2,6,17,0.008662068334470153,0.0
2,6,18,0.0085906074269766,0.0
2,6,19,0.008519698308305493,0.0
2,6,20,0.008453772658481603,0.0
2,6,21,0.008383363000048697,0.0
2,6,22,0.008316644576995444,0.0
2,6,23,0.008251807270367815,0.0
2,6,24,0.008185842995596363,0.0
2,6,25,0.008124808639411809,0.0
2,6,26,0.008062391449562327,0.0
2,6,27,0.007997583228432862,0.0
2,6,28,0.007944439212036646,0.0
2,6,29,0.007886651930620811,0.0
2,6,30,0.007830009115146148,0.0
2,6,31,0.007774253434792271,0.0
2,6,32,0.007719253935495956,0.0
2,6,33,0.007665747649815619,0.0
2,6,34,0.007607191550928166,0.0
2,6,35,0.007554391085833212,0.0
2,6,36,0.007502937630927365,0.0
2,6,37,0.007452540471940025,0.0
2,6,38,0.007402743127488564,0.0
2,6,39,0.007355075180033025,0.0
2,6,40,0.0073082781683095266,0.0
2,6,41,0.007261297926460169,0.0
2,6,42,0.007214459643121621,0.0
2,6,43,0.00717142686348892,0.0
2,6,44,0.007127540776684407,0.0
2,6,45,0.007082584835556566,0.0
2,6,46,0.007039824992736927,0.0
2,6,47,0.007000208903680097,0.0
2,6,48,0.00696105709154336,0.0
2,6,49,0.0069194828229717,0.0
2,6,50,0.006880680351354565,0.0
2,6,51,0.006843319859477111,0.0
2,6,52,0.006806642309686535,0.0
2,6,53,0.006769556962338503,0.0
2,6,54,0.006734197033139121,0.0
2,6,55,0.006697676451501477,0.0
2,6,56,0.00666424850961023,0.0
2,6,57,0.006628860691128731,0.0
2,6,58,0.006597140669034466,0.0
2,6,59,0.006563626979137699,0.0
2,6,60,0.006531847977023142,0.0
2,6,61,0.006500763276132596,0.0
2,6,62,0.006478470321416935,0.0
2,6,63,0.0064515446013303935,0.0
2,6,64,0.006415936166367751,0.0
2,6,65,0.006386769460015849,0.0
2,6,66,0.006359652781792085,0.0
2,6,67,0.006323023121668473,0.0
2,6,68,0.006293412302283351,0.0
2,6,69,0.006256706832382671,0.0
2,6,70,0.006229415141126202,0.0
2,6,71,0.006200421924511035,0.0
2,6,72,0.006175184304096327,0.0
2,6,73,0.006151658725322687,0.0
2,6,74,0.006126995365232743,0.0
2,6,75,0.006098722284101969,0.0
2,6,76,0.006079817692518102,0.0
2,6,77,0.00605470571200416,0.0
2,6,78,0.006029131945332296,0.0
2,6,79,0.006006276263288224,0.0
2,6,80,0.005984185964642187,0.0
2,6,81,0.005960202318527954,0.0
2,6,82,0.005937775401625341,0.0
2,6,83,0.005916612942026356,0.0
2,6,84,0.005896241009003487,0.0
2,6,85,0.005878747532676448,0.0
2,6,86,0.005857205526900369,0.0
2,6,87,0.005831902557714806,0.0
2,6,88,0.005813583913562555,0.0
2,6,89,0.00579423981242697,0.0
2,6,90,0.005771757385002938,0.0
2,6,91,0.0057599550524321174,0.0
2,6,92,0.0057445936199447736,0.0
2,6,93,0.005730397067642703,0.0
2,6,94,0.0057133624084628855,0.0
2,6,95,0.005698174914522239,0.0
2,6,96,0.005686554594306984,0.0
2,6,97,0.005675918603562178,0.0
2,6,98,0.005661494420560425,0.0
2,6,99,0.005649174421637036,0.0
2,6,100,0.005639205914698623,0.0
2,7,1,0.009930952118885304,0.0
2,7,2,0.009810932280217895,0.0
2,7,3,0.009719628211727439,0.0
2,7,4,0.00963515157574626,0.0
2,7,5,0.009541706559334107,0.0
2,7,6,0.009439037846448181,0.0
2,7,7,0.009348635853029565,0.0
2,7,8,0.009260314955377238,0.0
2,7,9,0.009172874373413952,0.0
2,7,10,0.00908720194326203,0.0
2,7,11,0.009006004414534342,0.0
2,7,12,0.00892546004893202,0.0
2,7,13,0.008851196610702937,0.0
2,7,14,0.008773755094881926,0.0
2,7,15,0.008697486755464405,0.0
2,7,16,0.008619135224026976,0.0
2,7,17,0.008542631767044949,0.0
2,7,18,0.008473014631514189,0.0
2,7,19,0.00839685432232425,0.0
2,7,20,0.008324009012681583,0.0
2,7,21,0.008254879514246747,0.0
2,7,22,0.008190622249853959,0.0
2,7,23,0.008126321014810766,0.0
2,7,24,0.008065455962800559,0.0
2,7,25,0.007999640234049315,0.0
2,7,26,0.007938939361128956,0.0
2,7,27,0.007878421592483451,0.0
2,7,28,0.007819271336411944,0.0
2,7,29,0.0077618287135161855,0.0
2,7,30,0.007700288977889337,0.0
2,7,31,0.007643549847458531,0.0
2,7,32,0.007586513064733002,0.0
2,7,33,0.007534907125313215,0.0
2,7,34,0.007480927980153438,0.0
2,7,35,0.007427588187350103,0.0
2,7,36,0.007380394538079419,0.0
2,7,37,0.0073353323282597796,0.0
2,7,38,0.007287623578127467,0.0
2,7,39,0.007235017399556215,0.0
2,7,40,0.007186270372511731,0.0
2,7,41,0.007142987916524519,0.0
2,7,42,0.0070960074880473956,0.0
2,7,43,0.007053030804133373,0.0
2,7,44,0.0070084915969695636,0.0
2,7,45,0.006964355013577817,0.0
2,7,46,0.006916943318169103,0.0
2,7,47,0.006878914577036861,0.0
2,7,48,0.006833085116961304,0.0
2,7,49,0.006793794642933689,0.0
2,7,50,0.0067565340516927185,0.0
2,7,51,0.006721910476659404,0.0
2,7,52,0.0066851578427047295,0.0
2,7,53,0.006642377181039056,0.0
2,7,54,0.006607222747597079,0.0
2,7,55,0.006567574809268868,0.0
2,7,56,0.0065299829584712955,0.0
2,7,57,0.0064970133813332725,0.0
2,7,58,0.006463118212106211,0.0
2,7,59,0.006427601836285615,0.0
2,7,60,0.006396148843116368,0.0
2,7,61,0.00636322133966587,0.0
2,7,62,0.006331281130849213,0.0
2,7,63,0.006304869291806319,0.0
2,7,64,0.006281440225183957,0.0
2,7,65,0.00624825129141284,0.0
2,7,66,0.0062160749253427966,0.0
2,7,67,0.00618659557699283,0.0
2,7,68,0.006162877401286896,0.0
2,7,69,0.006134082158974042,0.0
2,7,70,0.006109313479189232,0.0
2,7,71,0.006085511993208891,0.0
2,7,72,0.006057612489874881,0.0
2,7,73,0.006029173576715817,0.0
2,7,74,0.0060040584372796505,0.0
2,7,75,0.005983505425942495,0.0
2,7,76,0.005957084399557478,0.0
2,7,77,0.0059401835153440495,0.0
2,7,78,0.005908040538009771,0.0
2,7,79,0.005889638140013892,0.0
2,7,80,0.005874587089394427,0.0
2,7,81,0.005849268072187599,0.0
2,7,82,0.0058336660651831474,0.0
2,7,83,0.005809393751385093,0.0
2,7,84,0.005792043471676528,0.0
2,7,85,0.005768823851612854,0.0
2,7,86,0.005750088929158926,0.0
2,7,87,0.005745742895976722,0.0
2,7,88,0.005733733056654057,0.0
2,7,89,0.005719349230678603,0.0
2,7,90,0.005710942637693834,0.0
2,7,91,0.005683853182513121,0.0
2,7,92,0.005672359644755576,0.0
2,7,93,0.00564563105752121,0.0
2,7,94,0.005622092795490926,0.0
2,7,95,0.005620511786619728,0.0
2,7,96,0.005592615768252929,0.0
2,7,97,0.005580979432399678,0.0
2,7,98,0.005563398567795397,0.0
2,7,99,0.005559622627410677,0.0
2,7,100,0.005545522842511056,0.0
2,8,1,0.009697594412069436,0.0
2,8,2,0.009601510349158675,0.0
2,8,3,0.009513540883006065,0.0
2,8,4,0.009426671233685038,0.0
2,8,5,0.009332730224325167,0.0
2,8,6,0.009252822709044857,0.0
2,8,7,0.009166301183303369,0.0
2,8,8,0.009078145696091422,0.0
2,8,9,0.009005765435026994,0.0
2,8,10,0.008923023745598892,0.0
2,8,11,0.008837929895726902,0.0
2,8,12,0.008761350478943466,0.0
2,8,13,0.008686707567342114,0.0
2,8,14,0.008616265595170374,0.0
2,8,15,0.008541372551571582,0.0
2,8,16,0.008479551148835777,0.0
2,8,17,0.008412746278262842,0.0
2,8,18,0.008341038168020185,0.0
2,8,19,0.008279080756569164,0.0
2,8,20,0.008212462428866538,0.0
2,8,21,0.008154386881824238,0.0
2,8,22,0.008091582571155045,0.0
2,8,23,0.008042761718214681,0.0
2,8,24,0.007981445894197954,0.0
2,8,25,0.007920569128897869,0.0
2,8,26,0.007859415259237904,0.0
2,8,27,0.007805457618752147,0.0
2,8,28,0.0077518131073609844,0.0
2,8,29,0.007697353554343942,0.0
2,8,30,0.007644690298115959,0.0
2,8,31,0.007590384727511831,0.0
2,8,32,0.007542313312307889,0.0
2,8,33,0.007494132904151846,0.0
2,8,34,0.0074517763500527995,0.0
2,8,35,0.0073984586143859676,0.0
2,8,36,0.007352011503847078,0.0
2,8,37,0.007300098248911566,0.0
2,8,38,0.007252166347785101,0.0
2,8,39,0.007208171636871101,0.0
2,8,40,0.007163367286606638,0.0
2,8,41,0.007126488188334567,0.0
2,8,42,0.007082387642521373,0.0
2,8,43,0.007027153993513689,0.0
2,8,44,0.006987005142784652,0.0
2,8,45,0.006944426183833564,0.0
2,8,46,0.0069025159583296905,0.0
2,8,47,0.006875345499957293,0.0
2,8,48,0.0068332654000068365,0.0
2,8,49,0.006790197020645706,0.0
2,8,50,0.0067516122454001695,0.0
2,8,51,0.006710530126862342,0.0
2,8,52,0.006675320381562233,0.0
2,8,53,0.006640494993196702,0.0
2,8,54,0.006604018266411854,0.0
2,8,55,0.006574396080689056,0.0
2,8,56,0.00654883026885293,0.0
2,8,57,0.006513132090947029,0.0
2,8,58,0.006484521641787935,0.0
2,8,59,0.006451084561835109,0.0
2,8,60,0.006421254760121771,0.0
2,8,61,0.0063909279606379835,0.0
2,8,62,0.006367897828983497,0.0
2,8,63,0.0063422206857184785,0.0
2,8,64,0.006322459073123167,0.0
2,8,65,0.006290205020090982,0.0
2,8,66,0.0062598350394292915,0.0
2,8,67,0.006238304790041922,0.0
2,8,68,0.006219349207943623,0.0
2,8,69,0.006191449262037042,0.0
2,8,70,0.0061667693387473955,0.0
2,8,71,0.006145023349997855,0.0
2,8,72,0.006117485367136153,0.0
2,8,73,0.0060931893141810195,0.0
2,8,74,0.006072315770043084,0.0
2,8,75,0.0060528431676978856,0.0
2,8,76,0.006028948100173521,0.0
2,8,77,0.00600857145643117,0.0
2,8,78,0.005985291749999304,0.0
2,8,79,0.005970013307348391,0.0
2,8,80,0.005947615527386349,0.0
2,8,81,0.00592715047172142,0.0
2,8,82,0.005905219881257121,0.0
2,8,83,0.005881323665230426,0.0
2,8,84,0.005863194435307816,0.0
2,8,85,0.005846585626671361,0.0
2,8,86,0.0058276694124313804,0.0
2,8,87,0.0058062454108902825,0.0
2,8,88,0.005801036235439761,0.0
2,8,89,0.005776336700083702,0.0
2,8,90,0.005767522483716343,0.0
2,8,91,0.00574446876334271,0.0
2,8,92,0.005730482462595803,0.0
2,8,93,0.005711434133608115,0.0
2,8,94,0.005695943254935997,0.0
2,8,95,0.005684124992963891,0.0
2,8,96,0.005671105645639563,0.0
2,8,97,0.005651611652236205,0.0
2,8,98,0.0056338472341793166,0.0
2,8,99,0.00562448761151231,0.0
2,8,100,0.00561653387262243,0.0
2,9,1,0.009966093102562171,0.0
2,9,2,0.009872261532592644,0.0
2,9,3,0.009745324781712679,0.0
2,9,4,0.00964591121132022,0.0
2,9,5,0.009545060714780222,0.0
2,9,6,0.009462712781342607,0.0
2,9,7,0.009372605588262086,0.0
2,9,8,0.00928654212060478,0.0
2,9,9,0.009202499436734101,0.0
2,9,10,0.009116104688181213,0.0
2,9,11,0.009027060807800434,0.0
2,9,12,0.008942742845809466,0.0
2,9,13,0.008866352981575426,0.0
2,9,14,0.008784853691654257,0.0
2,9,15,0.008711209599326883,0.0
2,9,16,0.008636144010625416,0.0
2,9,17,0.00856321809443412,0.0
2,9,18,0.008493175412470723,0.0
2,9,19,0.008420373418438326,0.0
2,9,20,0.008350655986908337,0.0
2,9,21,0.008283912246780354,0.0
2,9,22,0.008216057159329201,0.0
2,9,23,0.008148423908036002,0.0
2,9,24,0.008079114968071892,0.0
2,9,25,0.008020994253015928,0.0
2,9,26,0.007951082974557915,0.0
2,9,27,0.00789136325118584,0.0
2,9,28,0.007829708557029942,0.0
2,9,29,0.007766797122288285,0.0
2,9,30,0.007707189049749652,0.0
2,9,31,0.007650181734893995,0.0
2,9,32,0.0075954035763239214,0.0
2,9,33,0.00753794396449889,0.0
2,9,34,0.007480841940750591,0.0
2,9,35,0.007425410276595597,0.0
2,9,36,0.007371778475196846,0.0
2,9,37,0.00731030270995447,0.0
2,9,38,0.007258770637733078,0.0
2,9,39,0.007213163875896105,0.0
2,9,40,0.00716306301044509,0.0
2,9,41,0.00711136152004713,0.0
2,9,42,0.007065877905193613,0.0
2,9,43,0.007016756881225138,0.0
2,9,44,0.00696655903408416,0.0
2,9,45,0.006919941902579927,0.0
2,9,46,0.006882396052931869,0.0
2,9,47,0.006841605966008848,0.0
2,9,48,0.00680096299693763,0.0
2,9,49,0.006761400393716372,0.0
2,9,50,0.006724068496238145,0.0
2,9,51,0.006673616137981836,0.0
2,9,52,0.006632048195912693,0.0
2,9,53,0.006594102120574858,0.0
2,9,54,0.006557981069215032,0.0
2,9,55,0.006517659933402234,0.0
2,9,56,0.006489025939784132,0.0
2,9,57,0.006449324674736454,0.0
2,9,58,0.0064109488218224864,0.0
2,9,59,0.006375969231331249,0.0
2,9,60,0.0063415023408810375,0.0
2,9,61,0.006312156872159909,0.0
2,9,62,0.006276932102820456,0.0
2,9,63,0.006259498755479209,0.0
2,9,64,0.006213255810916956,0.0
2,9,65,0.006174507469388514,0.0
2,9,66,0.006145694551121911,0.0
2,9,67,0.006111477387343275,0.0
2,9,68,0.0060852800221564245,0.0
2,9,69,0.006063938912177848,0.0
2,9,70,0.006044007449382492,0.0
2,9,71,0.006017046533948612,0.0
2,9,72,0.005980431841922045,0.0
2,9,73,0.005973160490563852,0.0
2,9,74,0.005942221158827202,0.0
2,9,75,0.005913115732805605,0.0
2,9,76,0.005885754977946633,0.0
2,9,77,0.0058480214855447825,0.0
2,9,78,0.005823387913589474,0.0
2,9,79,0.0058041137862931995,0.0
2,9,80,0.005784175600943599,0.0
2,9,81,0.005761323907281263,0.0
2,9,82,0.005736956016728189,0.0
2,9,83,0.005716111967268649,0.0
2,9,84,0.00569741659476365,0.0
2,9,85,0.005693206408229582,0.0
2,9,86,0.005669135079651296,0.0
2,9,87,0.005649945375057235,0.0
2,9,88,0.005628094091138098,0.0
2,9,89,0.005608610367807809,0.0
2,9,90,0.005582574080999425,0.0
2,9,91,0.00556259758533523,0.0
2,9,92,0.005544583844960901,0.0
2,9,93,0.005543194576677511,0.0
2,9,94,0.005528233884824983,0.0
2,9,95,0.005506627236139424,0.0
2,9,96,0.005483592070660533,0.0
2,9,97,0.005465034452323744,0.0
2,9,98,0.005444445148909013,0.0
2,9,99,0.0054314063474349104,0.0
2,9,100,0.005417524246909289,0.0
2,10,1,0.009948046655862068,0.0
2,10,2,0.009895534449709507,0.0
2,10,3,0.009742648323530122,0.0
2,10,4,0.009643397598052704,0.0
2,10,5,0.009541218720570956,0.0
2,10,6,0.009450612917821217,0.0
2,10,7,0.009367835742586763,0.0
2,10,8,0.009268909406043078,0.0
2,10,9,0.009176494864284644,0.0
2,10,10,0.009093165174952109,0.0
2,10,11,0.009008448212756846,0.0
2,10,12,0.008931072261234248,0.0
2,10,13,0.008858788970979694,0.0
2,10,14,0.008784534895575584,0.0
2,10,15,0.00870732130663085,0.0
2,10,16,0.008637737545909921,0.0
2,10,17,0.008559843394751873,0.0
2,10,18,0.008488005613553715,0.0
2,10,19,0.008423779154184947,0.0
2,10,20,0.008355979587727559,0.0
2,10,21,0.008290052318687648,0.0
2,10,22,0.008222031732565754,0.0
2,10,23,0.008170206744038849,0.0
2,10,24,0.008106937875826774,0.0
2,10,25,0.008053355562228838,0.0
2,10,26,0.007991510063834403,0.0
2,10,27,0.007922819335637196,0.0
2,10,28,0.00786494945932687,0.0
2,10,29,0.007814743623223472,0.0
2,10,30,0.007751246304334668,0.0
2,10,31,0.007698627102635218,0.0
2,10,32,0.007646715885821829,0.0
2,10,33,0.007592516325122371,0.0
2,10,34,0.007540340093356136,0.0
2,10,35,0.007484535187691361,0.0
2,10,36,0.007441958583147814,0.0
2,10,37,0.007391835537782149,0.0
2,10,38,0.007350357365880447,0.0
2,10,39,0.007292426032347587,0.0
2,10,40,0.007250841083401425,0.0
2,10,41,0.007218199252461028,0.0
2,10,42,0.007154441143342338,0.0
2,10,43,0.007126084153365828,0.0
2,10,44,0.007081817357744898,0.0
2,10,45,0.007040196538837949,0.0
2,10,46,0.007009837023392314,0.0
2,10,47,0.006969420612799904,0.0
2,10,48,0.006938628519162329,0.0
2,10,49,0.006910676220225589,0.0
2,10,50,0.00686253017843499,0.0
2,10,51,0.006823369394452438,0.0
2,10,52,0.006781830212326916,0.0
2,10,53,0.006756970531032012,0.0
2,10,54,0.006725153857533899,0.0
2,10,55,0.00669630248397622,0.0
2,10,56,0.006659685821433789,0.0
2,10,57,0.006628282564366141,0.0
2,10,58,0.0065946302313700175,0.0
2,10,59,0.006570395118873479,0.0
2,10,60,0.006522595828983481,0.0
2,10,61,0.006499844577802575,0.0
2,10,62,0.006467041527727927,0.0
2,10,63,0.006432538273262226,0.0
2,10,64,0.006405504231638416,0.0
2,10,65,0.006378511741041012,0.0
2,10,66,0.006352460871503898,0.0
2,10,67,0.00632759747473188,0.0
2,10,68,0.006299108230649374,0.0
2,10,69,0.0062809269404973025,0.0
2,10,70,0.006263048685587754,0.0
2,10,71,0.00623315156641769,0.0
2,10,72,0.006210651081024043,0.0
2,10,73,0.006182733880136983,0.0
2,10,74,0.006164103558675731,0.0
2,10,75,0.006128798500314487,0.0
2,10,76,0.006107187892396571,0.0
2,10,77,0.006085613239081213,0.0
2,10,78,0.006065594499209172,0.0
2,10,79,0.006046891036684376,0.0
2,10,80,0.006048430229761015,0.0
2,10,81,0.006020130996189595,0.0
2,10,82,0.006011559146024299,0.0
2,10,83,0.00600306756049372,0.0
2,10,84,0.006000994371423594,0.0
2,10,85,0.00598570771789371,0.0
2,10,86,0.005968111542952778,0.0
2,10,87,0.005958471653045231,0.0
2,10,88,0.005929444214914717,0.0
2,10,89,0.00590954639868878,0.0
2,10,90,0.005900224945172514,0.0
2,10,91,0.005890423437664992,0.0
2,10,92,0.005874504527789745,0.0
2,10,93,0.005874024372780158,0.0
2,10,94,0.005833408461062628,0.0
2,10,95,0.005809591869084163,0.0
2,10,96,0.00579098158602228,0.0
2,10,97,0.00577498707659395,0.0
2,10,98,0.005766983591118551,0.0
2,10,99,0.005755868059097394,0.0
2,10,100,0.0057467662830908385,0.0

This is supposed to mirror the old plots. 
cx, cy, nu = 1.0, 1.0, 0.01
dt = 0.001
T = 0.1
c_ensemble_idx = shuffle(1:N*N)
c_ensemble =  [[XYGrid[1][i], XYGrid[2][i]] for i in c_ensemble_idx]   
observe_index = sample(1:N*N, 25; replace=false) 