0,1,1,0.00947671003442557,0.0
0,1,2,0.009067270713590635,0.0
0,1,3,0.008697439167981364,0.0
0,1,4,0.008357234011264926,0.0
0,1,5,0.008039884756253175,0.0
0,1,6,0.007751634558967297,0.0
0,1,7,0.007487095658066546,0.0
0,1,8,0.0072476398331527084,0.0
0,1,9,0.007023382484703158,0.0
0,1,10,0.006814731656028518,0.0
0,1,11,0.006624682729125788,0.0
0,1,12,0.006461796341411007,0.0
0,1,13,0.006303823123084954,0.0
0,1,14,0.00616019905081603,0.0
0,1,15,0.006023070878331687,0.0
0,1,16,0.00589529156586085,0.0
0,1,17,0.005786901175539978,0.0
0,1,18,0.005694101374688449,0.0
0,1,19,0.005595775608177188,0.0
0,1,20,0.005512041530081856,0.0
0,1,21,0.005435903575386023,0.0
0,1,22,0.005376569861673694,0.0
0,1,23,0.00531864924166004,0.0
0,1,24,0.005258837554212779,0.0
0,1,25,0.00520408260547461,0.0
0,1,26,0.005139570328473632,0.0
0,1,27,0.005093722512244729,0.0
0,1,28,0.005049282449328185,0.0
0,1,29,0.005010187743818779,0.0
0,1,30,0.004970065319844531,0.0
0,1,31,0.004930321730280539,0.0
0,1,32,0.004912978052789021,0.0
0,1,33,0.004877199717509569,0.0
0,1,34,0.0048383372145653835,0.0
0,1,35,0.004819680777526596,0.0
0,1,36,0.0047955285415581745,0.0
0,1,37,0.004780590418506438,0.0
0,1,38,0.004752026582579422,0.0
0,1,39,0.004730634786644436,0.0
0,1,40,0.004716511810129337,0.0
0,1,41,0.004705383012713869,0.0
0,1,42,0.0046939264663231305,0.0
0,1,43,0.0046761871776201175,0.0
0,1,44,0.0046605031125064094,0.0
0,1,45,0.004658504275392766,0.0
0,1,46,0.004648218009053572,0.0
0,1,47,0.0046402974789775545,0.0
0,1,48,0.004624957538673014,0.0
0,1,49,0.004613168071353236,0.0
0,1,50,0.004595635923913626,0.0
0,1,51,0.004588513029440645,0.0
0,1,52,0.004578724543262026,0.0
0,1,53,0.004574464754144412,0.0
0,1,54,0.004572938306697306,0.0
0,1,55,0.004562640280356244,0.0
0,1,56,0.004553169569704503,0.0
0,1,57,0.004554178305283673,0.0
0,1,58,0.00454923240736394,0.0
0,1,59,0.004544337942004848,0.0
0,1,60,0.0045372118555169864,0.0
0,1,61,0.004532993779702566,0.0
0,1,62,0.004530475170076768,0.0
0,1,63,0.004520265192418237,0.0
0,1,64,0.004517357465512406,0.0
0,1,65,0.004508947947897131,0.0
0,1,66,0.004507376148596364,0.0
0,1,67,0.004495825538786624,0.0
0,1,68,0.004502790970106145,0.0
0,1,69,0.004508653151999587,0.0
0,1,70,0.004510041816046265,0.0
0,1,71,0.004511186549531886,0.0
0,1,72,0.004512747946908196,0.0
0,1,73,0.004528613458749889,0.0
0,1,74,0.004535477331546612,0.0
0,1,75,0.004535280224125055,0.0
0,1,76,0.004541539861294601,0.0
0,1,77,0.004534171085939188,0.0
0,1,78,0.004530442297059117,0.0
0,1,79,0.004523823898092689,0.0
0,1,80,0.004525378007423353,0.0
0,1,81,0.004523056394230026,0.0
0,1,82,0.004522305857468216,0.0
0,1,83,0.0045184722508234175,0.0
0,1,84,0.004511871293880342,0.0
0,1,85,0.0045155566496035415,0.0
0,1,86,0.0045209420764296205,0.0
0,1,87,0.0045131731221623415,0.0
0,1,88,0.0045175101122377735,0.0
0,1,89,0.004522130797594062,0.0
0,1,90,0.004532555435236758,0.0
0,1,91,0.004520843859335045,0.0
0,1,92,0.004532421359855931,0.0
0,1,93,0.004531243769511899,0.0
0,1,94,0.004517625931045071,0.0
0,1,95,0.004527648491247843,0.0
0,1,96,0.004514634723536655,0.0
0,1,97,0.004504005221851575,0.0
0,1,98,0.004504820170500633,0.0
0,1,99,0.004504524945813671,0.0
0,1,100,0.004484094917142421,0.0
1,1,1,0.0095259095497019,19074.628159331678
1,1,2,0.00911539642956423,19235.778931817786
1,1,3,0.008737778557840574,19352.225589098965
1,1,4,0.008390335364921458,19439.201615453112
1,1,5,0.008070755852448892,19548.437100456147
1,1,6,0.007776995263062493,19576.23140011951
1,1,7,0.007506875765792755,19721.34157718884
1,1,8,0.007258771085717125,19811.151063860827
1,1,9,0.007031113795570907,19879.656512738045
1,1,10,0.006821961151472598,19964.365714626347
1,1,11,0.0066302651670174274,20018.115494689635
1,1,12,0.00645424531814756,20103.20069095887
1,1,13,0.006292980914210984,20154.54703313755
1,1,14,0.0061453661904045396,20146.15893436793
1,1,15,0.0060103042178395105,20220.20984409596
1,1,16,0.005886339178269484,20287.232576695416
1,1,17,0.005772893996527706,20380.44048758541
1,1,18,0.005669159259210486,20412.968851374295
1,1,19,0.00557404950495581,20447.739450313027
1,1,20,0.005486824816314596,20498.208704546043
1,1,21,0.0054073167349182796,20520.80174392442
1,1,22,0.005334640378382195,20513.700835932097
1,1,23,0.005267954651008644,20589.324961683364
1,1,24,0.005207087048123288,20613.816488992896
1,1,25,0.005151190288674974,20661.945121516466
1,1,26,0.005099912454945891,20730.421773463295
1,1,27,0.00505314790094282,20744.163763138615
1,1,28,0.0050102185202263155,20816.678968866105
1,1,29,0.004970887209406557,20836.445389777924
1,1,30,0.004934792080488324,20893.984912980348
1,1,31,0.004901663996141235,20947.650631139626
1,1,32,0.004871165528209299,20987.43704051517
1,1,33,0.004843222906710935,20958.846691485975
1,1,34,0.0048173528019748715,20983.463180929957
1,1,35,0.004793726790189637,20991.901425524375
1,1,36,0.004771604290329294,21012.138463083902
1,1,37,0.004751395789225046,21035.67736536881
1,1,38,0.0047328769358364895,21122.9561109567
1,1,39,0.00471561751357239,21137.823992998223
1,1,40,0.0046996592909649805,21139.39255483264
1,1,41,0.004684808523356059,21145.537078323745
1,1,42,0.004671159228362601,21164.951938107864
1,1,43,0.004658489402662226,21221.8427456773
1,1,44,0.0046467155066635835,21244.86314613321
1,1,45,0.00463584054001952,21300.4717441219
1,1,46,0.00462567407781245,21317.097497612885
1,1,47,0.004616228706245415,21307.49056636383
1,1,48,0.004607420136277433,21318.82460513976
1,1,49,0.004599171189852521,21333.733891380078
1,1,50,0.004591364715405145,21367.344419101668
1,1,51,0.004584040359827022,21393.732048896556
1,1,52,0.004577132208503708,21397.64042336427
1,1,53,0.004570692932747851,21423.56586301145
1,1,54,0.004564701903702824,21527.259171482565
1,1,55,0.004558879028576157,21493.227399381656
1,1,56,0.004553526249388483,21482.592178483632
1,1,57,0.004548483185523642,21497.60591852367
1,1,58,0.004543707964251435,21519.553266570034
1,1,59,0.004539269952079702,21572.906035461576
1,1,60,0.004534930971532421,21583.72274453483
1,1,61,0.004530900021806493,21548.37156831607
1,1,62,0.004527177003439748,21527.10062000248
1,1,63,0.004523496956745344,21535.51828320694
1,1,64,0.004519905845742821,21529.941463709743
1,1,65,0.0045165774505304184,21512.548983681772
1,1,66,0.0045134288814771256,21526.248985271923
1,1,67,0.004510495862665698,21516.625302566285
1,1,68,0.004507725052785079,21511.266820778492
1,1,69,0.00450510922403785,21527.128953748335
1,1,70,0.004502593446337164,21548.377227958925
1,1,71,0.004500142188782,21555.480698315772
1,1,72,0.004497775551898045,21537.896458119343
1,1,73,0.004495591252369088,21512.607767414254
1,1,74,0.004493486994751492,21509.766380455592
1,1,75,0.004491455416173235,21493.51203379878
1,1,76,0.004489581298284309,21495.059114462074
1,1,77,0.004487740578560908,21533.59515083557
1,1,78,0.0044859652552570505,21522.356708911768
1,1,79,0.004484338176616419,21518.321199230526
1,1,80,0.004482623007082215,21535.021348161426
1,1,81,0.004480970797821005,21552.73966704213
1,1,82,0.004479391146519279,21585.520565189272
1,1,83,0.004477928121089583,21641.93308909601
1,1,84,0.004476362885489254,21638.106620879335
1,1,85,0.004474930232419727,21670.92369106103
1,1,86,0.004473523086533481,21689.993254647456
1,1,87,0.0044722540631953345,21698.636545813337
1,1,88,0.004471035327589427,21664.040782543503
1,1,89,0.004469831294905909,21682.538710385365
1,1,90,0.004468694125095314,21712.585136465503
1,1,91,0.004467635084601913,21725.794634520254
1,1,92,0.004466685391817182,21704.66898328069
1,1,93,0.004465718180688656,21649.98145300957
1,1,94,0.004464693238300669,21692.343557188105
1,1,95,0.0044637425380177195,21655.042367611586
1,1,96,0.004462747472646228,21698.385890418504
1,1,97,0.004462004487505421,21699.620118650346
1,1,98,0.004461294604430572,21687.81780782442
1,1,99,0.0044606749232584935,21708.52743630107
1,1,100,0.004460001160123576,21699.246541027598
1,2,1,0.0095004718323876,19290.519218332414
1,2,2,0.009085623274923134,19422.772836268883
1,2,3,0.008705751529624092,19622.024905484184
1,2,4,0.008357603471656386,19735.607964072024
1,2,5,0.008036799708601354,19725.179797478773
1,2,6,0.007741695933376162,19770.281502933307
1,2,7,0.007470413358136427,19916.513834620324
1,2,8,0.007222045714399108,19972.302585339494
1,2,9,0.006989836800489363,20030.16640267897
1,2,10,0.006777260538665588,20087.300271122785
1,2,11,0.006582189247571763,20170.94534636273
1,2,12,0.006400749033671397,20229.713875938734
1,2,13,0.006234429511497652,20340.96228622205
1,2,14,0.006081106158200626,20387.932993195835
1,2,15,0.00594224366943745,20514.131825909575
1,2,16,0.005812082638017021,20526.826224235392
1,2,17,0.005695991553594667,20541.682529557456
1,2,18,0.005588217940750962,20567.88294577927
1,2,19,0.0054909921028048385,20625.741799788673
1,2,20,0.005395494193128298,20667.00088449132
1,2,21,0.005310499625891677,20726.274195537902
1,2,22,0.005233174508289056,20761.578415597076
1,2,23,0.005162511638046473,20847.321366680364
1,2,24,0.0050959273819840166,20879.96499189268
1,2,25,0.005035734885907354,20923.224319544825
1,2,26,0.004982176454513759,20967.226825441387
1,2,27,0.004934500685634243,21024.78376306471
1,2,28,0.004894245269715135,21042.5870518718
1,2,29,0.004845273139401563,21083.715492313808
1,2,30,0.0047998110760869165,21116.222846033877
1,2,31,0.004763560664964766,21145.71450805637
1,2,32,0.00472999851972919,21219.25618100664
1,2,33,0.004705258743436046,21224.210308721224
1,2,34,0.00467634181443935,21278.483598731094
1,2,35,0.004648214943963408,21341.789979166977
1,2,36,0.004623586230876975,21356.573293256402
1,2,37,0.004599654707132318,21362.43780474008
1,2,38,0.0045751984690894825,21378.956051977224
1,2,39,0.004554838579447574,21368.983447046918
1,2,40,0.004536527048796197,21376.272183355406
1,2,41,0.004519117831404765,21375.91809416823
1,2,42,0.004501827761829208,21404.982658585897
1,2,43,0.004489948563361782,21408.09649173346
1,2,44,0.004475650986581059,21407.233354306387
1,2,45,0.004461588292984521,21403.485004464874
1,2,46,0.00444957403675202,21429.97594064305
1,2,47,0.00443464605541037,21460.880383027692
1,2,48,0.004423184287786679,21481.49780229258
1,2,49,0.004413843236619966,21481.310614823466
1,2,50,0.004406332831459134,21480.92465433613
1,2,51,0.004399750357616919,21521.546541932403
1,2,52,0.0043907172471858835,21582.660792898787
1,2,53,0.004383162518273959,21640.08055946441
1,2,54,0.004375713719100678,21593.954251361418
1,2,55,0.004370797923970661,21609.95508567938
1,2,56,0.004363323015245018,21627.02816339479
1,2,57,0.0043568607390780875,21638.77468498104
1,2,58,0.004350649594766306,21664.79991572566
1,2,59,0.004344969864528007,21642.920866963592
1,2,60,0.004339572805739342,21675.66311797586
1,2,61,0.004336142214244882,21685.124708445757
1,2,62,0.004330848693736859,21709.661449083396
1,2,63,0.004325600955865169,21683.46927497899
1,2,64,0.0043238808362810995,21715.2069095288
1,2,65,0.0043209690821070955,21729.618339117333
1,2,66,0.004307831774389778,21713.521959593883
1,2,67,0.004303228664484528,21750.390786797223
1,2,68,0.004301667100484333,21706.379872346
1,2,69,0.004302092762119086,21734.208051309415
1,2,70,0.004297770472134103,21745.337047185974
1,2,71,0.0042932847000929355,21743.364720720994
1,2,72,0.004291374668640872,21699.332799792996
1,2,73,0.00428670125764299,21704.192935419127
1,2,74,0.004285722388105094,21704.686023336402
1,2,75,0.0042934832830665735,21722.60365021473
1,2,76,0.004280609716960024,21720.89330824969
1,2,77,0.004283204333422503,21741.366948749514
1,2,78,0.004283201908749212,21712.063550039133
1,2,79,0.004282746976082915,21695.9580219091
1,2,80,0.004282484575808813,21716.61117649467
1,2,81,0.004286565150067576,21688.802308368526
1,2,82,0.004285489063413872,21683.50132228024
1,2,83,0.0042927528864524205,21676.1368523965
1,2,84,0.004295168820463733,21669.904248488798
1,2,85,0.004288267795169,21664.91162810768
1,2,86,0.004282775630553161,21669.717751425924
1,2,87,0.004289713678382278,21693.634287974597
1,2,88,0.004289118984349602,21668.837875705685
1,2,89,0.004284251173263558,21648.93864993798
1,2,90,0.00428241055345897,21600.657051472623
1,2,91,0.004284810923803106,21596.07859038019
1,2,92,0.004284187103013156,21638.86700607032
1,2,93,0.0042833416759457225,21658.922014522133
1,2,94,0.004282860545314159,21646.051214059782
1,2,95,0.004279999079086241,21637.14628310224
1,2,96,0.004280817345365635,21624.274444136197
1,2,97,0.004283221655897158,21631.07631631293
1,2,98,0.004286185067662706,21652.476631682835
1,2,99,0.004284858165540691,21660.625690664245
1,2,100,0.004281655714388909,21621.60318945262
1,3,1,0.009757661443619418,19319.745615172837
1,3,2,0.009358184860313685,19489.677414493322
1,3,3,0.008995166438405183,19613.770586299263
1,3,4,0.008662858005048173,19680.911884778045
1,3,5,0.00835965369386842,19799.44307018701
1,3,6,0.008079436633747982,19897.48039011414
1,3,7,0.007822172758269744,19931.60630309244
1,3,8,0.0075868172773185085,20032.79190877023
1,3,9,0.007370938215353435,20081.68784616645
1,3,10,0.007178597534221711,20155.383584746254
1,3,11,0.0069987741178339615,20229.39775582643
1,3,12,0.006837569830317549,20308.1468244161
1,3,13,0.0066893810156861775,20405.730214713312
1,3,14,0.006554428465598274,20503.79264383572
1,3,15,0.006429500115006341,20557.2046819316
1,3,16,0.006318868713203528,20610.542495907706
1,3,17,0.0062180049737958695,20680.062826525365
1,3,18,0.0061267821030544034,20730.12776536641
1,3,19,0.006045421351043438,20741.519908534265
1,3,20,0.005970961221716448,20799.974255028483
1,3,21,0.0059037892841190985,20782.340458561335
1,3,22,0.005843345480241331,20844.76037120561
1,3,23,0.005788586461508809,20898.56834320832
1,3,24,0.00573806989440094,20960.43482418391
1,3,25,0.005692889600650119,20934.095657654256
1,3,26,0.005650170565671694,20975.381017080494
1,3,27,0.005611325948592482,21008.7471326604
1,3,28,0.0055765398794092,21001.558810664188
1,3,29,0.005545277595932423,21030.8601672006
1,3,30,0.005517245394215763,21082.608184426306
1,3,31,0.005493578763751653,21103.940014666518
1,3,32,0.005468201541624124,21112.112840404963
1,3,33,0.005449231918976521,21176.320587027873
1,3,34,0.005434158222922323,21232.728681256936
1,3,35,0.005416738109017624,21243.072170297874
1,3,36,0.00540083747747979,21263.121144572327
1,3,37,0.005387912414443554,21229.649121804487
1,3,38,0.005376796641662907,21255.39453566594
1,3,39,0.005369969405988233,21268.64235828267
1,3,40,0.005352546731540715,21265.71722483068
1,3,41,0.005341968631380455,21295.259289598453
1,3,42,0.005333289993267155,21316.073115541236
1,3,43,0.005325889503786421,21345.271485079767
1,3,44,0.005319150278854771,21382.768882731227
1,3,45,0.005312641622350149,21423.138418340033
1,3,46,0.005309185071883151,21461.88482887936
1,3,47,0.005305702745191155,21490.35709089773
1,3,48,0.005301194022133908,21460.647850572546
1,3,49,0.005297810435654694,21466.517369684567
1,3,50,0.005297552597767814,21452.17793617876
1,3,51,0.005297621069848506,21473.871013220152
1,3,52,0.005293646686628803,21500.860510141923
1,3,53,0.005291471554817211,21461.53650112368
1,3,54,0.005290714686080661,21454.901289020476
1,3,55,0.0052914874318757054,21504.039352359207
1,3,56,0.005285312822116587,21523.136973487577
1,3,57,0.00528308897488495,21551.276269404003
1,3,58,0.00528059670535645,21541.22999221891
1,3,59,0.005275569308378617,21535.163417117445
1,3,60,0.005276107038985926,21530.865614540282
1,3,61,0.0052759228625316665,21507.774981330236
1,3,62,0.00527188551859066,21484.44814071522
1,3,63,0.005271834191163944,21512.11172275365
1,3,64,0.005267868785830002,21488.61079883377
1,3,65,0.00526832821724612,21507.24681876432
1,3,66,0.005269716182793705,21504.222122664985
1,3,67,0.005268000573977518,21522.392978804746
1,3,68,0.005271024059727231,21520.198656383636
1,3,69,0.005269543001310181,21571.426179283393
1,3,70,0.005270153410923065,21612.32099850355
1,3,71,0.00527008711285208,21588.10719352051
1,3,72,0.005267767564599796,21586.774923553716
1,3,73,0.005271748095909221,21562.691614680116
1,3,74,0.005270948647750537,21596.089920275776
1,3,75,0.00527197876746984,21583.028442778508
1,3,76,0.005272970302394919,21592.579218348674
1,3,77,0.005273807550226246,21585.882455371775
1,3,78,0.005279285039172388,21608.23247782486
1,3,79,0.00527883273481547,21610.877781968862
1,3,80,0.005276313380650033,21622.814253993653
1,3,81,0.005272778199107423,21598.418652027332
1,3,82,0.005269461133810183,21599.427589239236
1,3,83,0.005274122113351835,21551.259313753133
1,3,84,0.005273198335082139,21590.022331619395
1,3,85,0.005274013413677356,21574.11617818139
1,3,86,0.005275153932961443,21592.919041824844
1,3,87,0.005277875206995114,21571.66244774644
1,3,88,0.0053179992814220345,21601.720714373034
1,3,89,0.005282576892676161,21606.763723518423
1,3,90,0.005290197460995223,21574.779464421048
1,3,91,0.005301590838453075,21563.712260169137
1,3,92,0.005315414194343737,21529.223182464037
1,3,93,0.0053279797929029205,21531.314465264837
1,3,94,0.00531978120139712,21548.406639097666
1,3,95,0.005303907313234241,21538.33490251288
1,3,96,0.005303624482941804,21515.03037037766
1,3,97,0.0053094212580183184,21535.24288510298
1,3,98,0.005400551206517604,21540.13824410401
1,3,99,0.0053675491153046375,21502.450375376473
1,3,100,0.005420504951934337,21514.899058566134
1,4,1,0.009405782486578754,19120.996809503347
1,4,2,0.008995095177562685,19278.894473102253
1,4,3,0.008615423279843224,19392.600067792133
1,4,4,0.008268235048259983,19475.567339166057
1,4,5,0.00794398326150236,19564.09877685445
1,4,6,0.007646723456818596,19684.83333595456
1,4,7,0.007374996469442584,19803.413800237315
1,4,8,0.007124055953232278,19942.2683009993
1,4,9,0.006891477437540862,20001.31404021167
1,4,10,0.006682400120082485,20065.538286981107
1,4,11,0.006494204178174617,20139.82769066503
1,4,12,0.006321472049754627,20199.59178685654
1,4,13,0.006160695675287318,20310.73639453998
1,4,14,0.006017881410717165,20394.528841146603
1,4,15,0.0058835163362374885,20355.99202992338
1,4,16,0.005758550602943655,20377.996628241977
1,4,17,0.005644373651439464,20487.35234232323
1,4,18,0.005539362251723506,20529.98417970451
1,4,19,0.005443545488174573,20606.908123206882
1,4,20,0.005352905094106281,20604.328241809766
1,4,21,0.005273843807721547,20670.98721326121
1,4,22,0.005200995550248376,20707.466669896712
1,4,23,0.005129853483031054,20709.96272343642
1,4,24,0.0050631289983344,20764.760469540844
1,4,25,0.00500886969339612,20795.719117930978
1,4,26,0.004954699109486545,20829.446251530215
1,4,27,0.0049071032414132534,20902.013767615284
1,4,28,0.004870577615415675,20898.075342508877
1,4,29,0.004827084358228834,20948.539124757175
1,4,30,0.004790077762533461,21026.57875224718
1,4,31,0.004759201967830897,21014.6488037951
1,4,32,0.004736344639761012,21055.697687803655
1,4,33,0.004702583632568729,21105.601410777632
1,4,34,0.004676759817089844,21161.100448286754
1,4,35,0.004652294511360117,21217.916970679096
1,4,36,0.00463248004545904,21223.773200399133
1,4,37,0.004605612730513595,21238.22445368763
1,4,38,0.004585854329256147,21277.297730804392
1,4,39,0.00456930850547681,21289.920589123987
1,4,40,0.00454975733309309,21298.392689436998
1,4,41,0.004536357738436615,21321.302918472444
1,4,42,0.004524342054782691,21353.97295582871
1,4,43,0.004512001263614509,21343.291631305616
1,4,44,0.004500421663304563,21362.16931979025
1,4,45,0.004488282480417692,21361.90957185521
1,4,46,0.004477137674473024,21331.44415509293
1,4,47,0.004468244220906704,21380.479680382177
1,4,48,0.00446256346934526,21444.508063194808
1,4,49,0.004458284599681712,21460.822123784365
1,4,50,0.004450569878504745,21495.255791657022
1,4,51,0.004449759114971938,21480.38937220851
1,4,52,0.00444218213841307,21473.60980062922
1,4,53,0.004421930886478879,21480.276534162153
1,4,54,0.004417812810878081,21495.331536098674
1,4,55,0.004415361924875247,21506.07691888276
1,4,56,0.004415897020082661,21521.525694089934
1,4,57,0.004403391827546572,21481.366400346495
1,4,58,0.004402659350004525,21505.17061245145
1,4,59,0.004396074328564395,21487.109898755836
1,4,60,0.0043972767468342215,21500.690954104317
1,4,61,0.004401150452116475,21470.62507127255
1,4,62,0.0044113585791812696,21464.49270368476
1,4,63,0.004420454869026142,21426.152256071015
1,4,64,0.004428715074785928,21452.39199303671
1,4,65,0.004402470323990426,21467.930690864658
1,4,66,0.004464980100494621,21431.462666355
1,4,67,0.004440550439040939,21413.49744856806
1,4,68,0.004442445347120951,21454.926826888986
1,4,69,0.004407180930713258,21490.99705444699
1,4,70,0.004408904461657525,21509.805754375593
1,4,71,0.004400459020474773,21500.63089119893
1,4,72,0.004411123712594245,21555.403891257047
1,4,73,0.004413490960175053,21562.421218101757
1,4,74,0.004415698325555607,21563.32617885826
1,4,75,0.00438945453836167,21575.078794607452
1,4,76,0.00437428328134041,21513.817900805894
1,4,77,0.00439271811683759,21479.982201228086
1,4,78,0.004384008181422332,21496.421369014
1,4,79,0.004382115870475346,21517.7365612263
1,4,80,0.004381895673397547,21462.329043650057
1,4,81,0.004421317722475823,21470.836151014315
1,4,82,0.004564415047694981,21483.224472562237
1,4,83,0.004495068626994868,21461.353673924594
1,4,84,0.004760852053459798,21413.84341528833
1,4,85,0.005077866749428092,21419.95706867216
1,4,86,0.004451756474580329,21390.75823680291
1,4,87,0.004674417809892479,21440.776808142356
1,4,88,0.005129689086666674,21443.69036333824
1,4,89,0.004769818878423296,21451.419196233037
1,4,90,0.004461031628143058,21463.95242339387
1,4,91,0.00445646792552492,21435.893168579103
1,4,92,0.004448017869704878,21470.22033769498
1,4,93,0.004429034847126376,21414.830918490552
1,4,94,0.005186172316055364,21399.349450981183
1,4,95,0.004406358958406354,21342.104051566286
1,4,96,0.00452465594613823,21349.317539297692
1,4,97,0.004393193326825071,21371.618273493124
1,4,98,0.004393497864317726,21370.68634329327
1,4,99,0.004394535469068719,21384.623876424394
1,4,100,0.004652629012736471,21352.541247430385
1,5,1,0.009684991472327948,19156.129718379012
1,5,2,0.009265016648465981,19319.878491689436
1,5,3,0.00888083104045989,19354.419330611665
1,5,4,0.008525939029772412,19511.49864251137
1,5,5,0.008207263445930108,19594.915083081927
1,5,6,0.007911113449191695,19625.499620220773
1,5,7,0.007640864429735195,19752.563967029844
1,5,8,0.007391805682567829,19837.616087481212
1,5,9,0.007166032389066962,19904.03676238075
1,5,10,0.006963592719743369,19974.20570511001
1,5,11,0.006772385968220935,20025.814375932852
1,5,12,0.00660010300127653,20105.216591348733
1,5,13,0.006441216587834959,20186.964476313464
1,5,14,0.006296595929304898,20275.558734773287
1,5,15,0.0061677688331919734,20333.731663777377
1,5,16,0.006044449535320443,20399.36362320905
1,5,17,0.0059360611754967745,20479.42884355353
1,5,18,0.005839836603377292,20482.7608177294
1,5,19,0.005753075645682354,20521.629641389496
1,5,20,0.005669393491822637,20601.87765815455
1,5,21,0.005592275509065356,20632.00437604588
1,5,22,0.00552356215784052,20692.873161461284
1,5,23,0.005459295149512397,20742.815563158765
1,5,24,0.005402494968018081,20791.61226002486
1,5,25,0.005349644833935497,20803.824084587344
1,5,26,0.005302241709960939,20810.76767645098
1,5,27,0.005261137490144236,20811.814434849766
1,5,28,0.005223122242279653,20842.620757603585
1,5,29,0.005190641115920439,20895.36184822669
1,5,30,0.00515801150121055,20901.566654023332
1,5,31,0.005127097024687934,20909.983942700444
1,5,32,0.005098868663043466,20961.60107969058
1,5,33,0.005077013871422309,21042.82170547494
1,5,34,0.005052047064370286,21062.022833386945
1,5,35,0.005031839174605376,21061.15928540911
1,5,36,0.005016125247018644,21075.505049080908
1,5,37,0.005006151569047471,21102.07708753965
1,5,38,0.004978983364356447,21134.387098388117
1,5,39,0.0049689930297394545,21140.339647497192
1,5,40,0.004952554785665445,21189.949839202847
1,5,41,0.004941472197277381,21208.70123494735
1,5,42,0.004949732361530453,21198.37249967236
1,5,43,0.004923627571272704,21211.915001018406
1,5,44,0.004903478932884095,21328.87488926943
1,5,45,0.004897704575589323,21299.107787079913
1,5,46,0.004902775017110574,21316.311144409665
1,5,47,0.004901307185397292,21291.84477736939
1,5,48,0.0048928000256073375,21370.20117210626
1,5,49,0.00488913251357334,21350.907846946317
1,5,50,0.004882258443601325,21395.569338026733
1,5,51,0.0048802139845690205,21372.438042360227
1,5,52,0.004871981795648484,21422.294167837048
1,5,53,0.004875663454812291,21422.78183492696
1,5,54,0.004870642407528545,21496.141853267563
1,5,55,0.004865133266402282,21481.343788639413
1,5,56,0.004853520119227856,21473.18984384636
1,5,57,0.004858352483970206,21460.142484077198
1,5,58,0.004857868490140581,21504.570092891812
1,5,59,0.004868917897398817,21496.12887641939
1,5,60,0.0048616912895493285,21519.564352860085
1,5,61,0.004860951185399165,21506.06878327563
1,5,62,0.004867113888842403,21484.660836746618
1,5,63,0.004856470757040409,21505.701129957084
1,5,64,0.004853310077909775,21475.295606481064
1,5,65,0.004863626872728172,21490.789940985658
1,5,66,0.004848269634194458,21482.43682929176
1,5,67,0.004833157337835572,21520.82363104494
1,5,68,0.004833314641778948,21550.477117299924
1,5,69,0.004846415739599235,21587.885025380616
1,5,70,0.004836380505384617,21657.226571133393
1,5,71,0.004926077571875897,21641.84948604
1,5,72,0.005298835923144478,21603.20613196781
1,5,73,0.004965792857046534,21619.7877506556
1,5,74,0.004867115546106435,21627.87045754174
1,5,75,0.004862453927445571,21607.420103093533
1,5,76,0.004858014845840712,21564.87062073349
1,5,77,0.004970554028644938,21623.371527704367
1,5,78,0.004926407564287451,21577.314425921893
1,5,79,0.005063694894960002,21571.264746325633
1,5,80,0.005143172451089505,21553.112066890648
1,5,81,0.005174463580160335,21537.631127091518
1,5,82,0.005016607844328132,21522.29179655869
1,5,83,0.00509520540807129,21536.48125708715
1,5,84,0.005613029699537418,21607.73895995375
1,5,85,0.0056951073842368225,21593.763885698892
1,5,86,0.006239383841996231,21592.246337925942
1,5,87,0.005936044670729308,21549.08505931228
1,5,88,0.00586541561592342,21582.962623238058
1,5,89,0.005209844306386567,21607.55108311448
1,5,90,0.005526532860483725,21571.199135183895
1,5,91,0.006103739729641099,21580.373116540926
1,5,92,0.005366899499358101,21604.26312388875
1,5,93,0.0070571246739086204,21679.787129556
1,5,94,0.005958744837980641,21621.184475843027
1,5,95,0.006109706904770112,21627.456895188065
1,5,96,0.005138806702029601,21764.91714520185
1,5,97,0.005915276683724653,21615.65203048821
1,5,98,0.004856255959833566,21512.492315941257
1,5,99,0.006116760744771588,21882.114091841213
1,5,100,0.004796703750028286,21509.32869640892
1,6,1,0.009544245164489247,19299.202731353485
1,6,2,0.009116913160165985,19448.87949036687
1,6,3,0.008737627339989722,19465.204405965767
1,6,4,0.008376088211551126,19529.02614708822
1,6,5,0.008055466989961343,19617.422111983356
1,6,6,0.007756553214927127,19747.588779658763
1,6,7,0.0074820628767490165,19801.447256591535
1,6,8,0.00724094839333999,19803.375758078517
1,6,9,0.007016412577805403,19952.66514587052
1,6,10,0.006802174479947718,19969.171566622404
1,6,11,0.006616841990305033,20015.906371538942
1,6,12,0.006447049855983676,20060.86732693524
1,6,13,0.0062908883391108,20089.041380946568
1,6,14,0.006151638468348695,20118.825571308156
1,6,15,0.006013277560296506,20134.888564907345
1,6,16,0.005895135671260321,20193.25696201529
1,6,17,0.005787002085972959,20291.298902896135
1,6,18,0.005685617374970162,20381.72371540116
1,6,19,0.005594788253018733,20388.349216713195
1,6,20,0.005527211504269234,20365.47071214882
1,6,21,0.005450172658000586,20440.20806734492
1,6,22,0.005378622257152827,20477.065224098264
1,6,23,0.005306187768388601,20496.92485590682
1,6,24,0.005252069657195102,20548.236424441515
1,6,25,0.005201095381338625,20601.39296477988
1,6,26,0.005154606097046857,20631.70111655895
1,6,27,0.005120506859586102,20717.713663849314
1,6,28,0.0050749033423314795,20746.499174587298
1,6,29,0.005032826953485781,20754.60964937697
1,6,30,0.005001235753749511,20802.77000328247
1,6,31,0.004974806529617841,20802.887899022946
1,6,32,0.004950447039285703,20871.03867788052
1,6,33,0.004928075480439639,20948.00844063483
1,6,34,0.004908568899613396,20969.55284183342
1,6,35,0.00488909774337827,20983.890342898132
1,6,36,0.004870423348370637,21015.088090392397
1,6,37,0.004853553152828729,21034.458566778427
1,6,38,0.0048386212459266935,21063.426419034928
1,6,39,0.004826139780465803,21081.882065995036
1,6,40,0.004827002872618939,21045.065248007464
1,6,41,0.004810771181649701,21099.156259684612
1,6,42,0.0048028064225852304,21094.943241638444
1,6,43,0.0047915683517038375,21090.41926030386
1,6,44,0.004782073892095241,21127.573067792404
1,6,45,0.004774347308934331,21107.58588391036
1,6,46,0.004773302830636914,21141.07756297336
1,6,47,0.004765683076818092,21168.852455708315
1,6,48,0.0047715480991053615,21203.190715982724
1,6,49,0.004765508967671764,21219.708765943775
1,6,50,0.0047721426276633476,21221.818754118834
1,6,51,0.004774052060621929,21262.680436838455
1,6,52,0.004761750253812461,21261.68256565762
1,6,53,0.004750460555193219,21300.437074567526
1,6,54,0.004741794980148506,21259.01241490315
1,6,55,0.004741885335194058,21298.06576120211
1,6,56,0.0047396534376956,21335.783123615707
1,6,57,0.004726994364064345,21313.028489404365
1,6,58,0.004724461645747511,21326.951700426
1,6,59,0.004727460446845273,21355.29889646959
1,6,60,0.004727959928693074,21376.210803076534
1,6,61,0.0047285912425881925,21404.49385375757
1,6,62,0.0047209336904633775,21434.608947202276
1,6,63,0.004712055264844014,21444.332077498184
1,6,64,0.004710254445225561,21494.125324041375
1,6,65,0.00469215880970982,21524.386068113414
1,6,66,0.004691323752273851,21546.180667745954
1,6,67,0.004692954272309956,21539.018353656902
1,6,68,0.004692547619726977,21518.828700482005
1,6,69,0.00468441222801906,21526.008925663216
1,6,70,0.0046743781225708205,21510.787392335205
1,6,71,0.004673463801323979,21513.899263273062
1,6,72,0.004672558692876357,21477.88296637943
1,6,73,0.00467106859927641,21531.057643222706
1,6,74,0.0047301632108427225,21503.106942519655
1,6,75,0.004763320040824046,21479.031765202002
1,6,76,0.0046711852714594725,21473.15602783908
1,6,77,0.004874069546744235,21484.392188004964
1,6,78,0.005033067749191182,21497.468932772197
1,6,79,0.004768706614040133,21521.40610490802
1,6,80,0.004777945261919148,21483.954272388193
1,6,81,0.0047439696070985145,21505.892353055136
1,6,82,0.005050750636846105,21503.186843285363
1,6,83,0.004923803379167217,21474.505612588437
1,6,84,0.0049736583958485125,21479.45436586705
1,6,85,0.004848763006587522,21468.168666493075
1,6,86,0.0053369692488527895,21484.885516285227
1,6,87,0.005176843690147088,21510.09439815397
1,6,88,0.005195780674215831,21533.61251604871
1,6,89,0.004951325089749963,21556.82387999848
1,6,90,0.005312293024415353,21521.51689253502
1,6,91,0.0054729709968787035,21536.882631851546
1,6,92,0.009476163556082346,21549.366456670217
1,6,93,0.01104054774082583,21511.908303647968
1,6,94,0.012057384845944737,21554.94581939496
1,6,95,0.005431647158612035,21674.162002056273
1,6,96,0.011663132467791468,21546.51971776635
1,6,97,0.005573904161651673,21613.4428312571
1,6,98,0.00544083666600321,22466.665748919117
1,6,99,0.005213449559558866,23334.244853727832
1,6,100,0.005668798402481098,23169.89692545696
1,7,1,0.00944756685001359,19102.575072388747
1,7,2,0.009038548263758509,19275.883801417243
1,7,3,0.008661684499481074,19408.58359217928
1,7,4,0.008320799722319494,19472.34899626322
1,7,5,0.00801273914848728,19509.939707563946
1,7,6,0.007728020505838086,19627.937515758083
1,7,7,0.007461898089529533,19737.111292540983
1,7,8,0.0072275963295383,19857.54342083586
1,7,9,0.007014590356929652,19955.430007612696
1,7,10,0.006816288362076888,20047.28648175198
1,7,11,0.006639584958896006,20156.243737278972
1,7,12,0.006479041931725821,20226.713851179284
1,7,13,0.006334089255774909,20301.33654059611
1,7,14,0.006198937752632173,20340.791786776743
1,7,15,0.006086340926298982,20446.440986975325
1,7,16,0.00597216174934637,20461.664849050874
1,7,17,0.00587511242910252,20487.817481953934
1,7,18,0.0057857045926547335,20544.146164751917
1,7,19,0.005700627362354292,20582.023047463634
1,7,20,0.005627749797652295,20670.45896842515
1,7,21,0.005557880501428916,20694.490987691264
1,7,22,0.005484698045347627,20757.88066820544
1,7,23,0.005429394269087367,20802.34048606331
1,7,24,0.005370482065926176,20849.720393478878
1,7,25,0.005316244709749477,20934.56681905101
1,7,26,0.005280760999605698,20936.50643462491
1,7,27,0.005245002034933758,20939.438657330043
1,7,28,0.005220045083484369,20982.485053411732
1,7,29,0.005192895410475489,20987.880932257245
1,7,30,0.005167117124317249,21068.610486573714
1,7,31,0.005135237256829434,21117.163733161608
1,7,32,0.005117274615876342,21126.510421379906
1,7,33,0.0051028574483517565,21169.480469406735
1,7,34,0.005079956381649644,21261.314014598745
1,7,35,0.005064704736916658,21304.435049776417
1,7,36,0.005056774756312345,21278.473507341037
1,7,37,0.0050413791454841225,21256.72362180639
1,7,38,0.00503911903473849,21220.970941182168
1,7,39,0.0050399996994306305,21264.928270541626
1,7,40,0.005028776641782163,21244.30734171325
1,7,41,0.005023003128873129,21236.574656485176
1,7,42,0.0050072908462640685,21281.437125534838
1,7,43,0.00500001576692083,21321.365929394196
1,7,44,0.005000690581487241,21289.573891414973
1,7,45,0.004999075811136198,21290.16586481325
1,7,46,0.004994865153537691,21282.64702272815
1,7,47,0.004994708734978169,21325.335308389607
1,7,48,0.004982318706614033,21311.458007949415
1,7,49,0.004979195552143116,21361.687961367137
1,7,50,0.004977072376465539,21335.748467685902
1,7,51,0.0049734589602275885,21364.698394408355
1,7,52,0.004965972427278284,21431.998254215083
1,7,53,0.004965996266931097,21431.45791067631
1,7,54,0.0049580975803120465,21416.883742553397
1,7,55,0.004943774165650539,21392.497416662205
1,7,56,0.004950525562483202,21388.309950842242
1,7,57,0.004949954358400178,21406.0386627217
1,7,58,0.004950952888808597,21435.5636028964
1,7,59,0.00492477146507816,21493.822621098174
1,7,60,0.0049202466445220265,21504.883364432277
1,7,61,0.004915787986144747,21545.302873382927
1,7,62,0.004914408146730702,21525.91914148938
1,7,63,0.004915253181784376,21499.503698522596
1,7,64,0.004911164399121646,21500.481833928578
1,7,65,0.004919206003339296,21479.20008647917
1,7,66,0.00492064018884403,21487.469346013364
1,7,67,0.004933191937482217,21447.741459311204
1,7,68,0.004919716639749258,21443.579572205246
1,7,69,0.0049176181394589135,21439.816474358362
1,7,70,0.004927809680747321,21454.53999740351
1,7,71,0.00497271781589187,21474.03560908527
1,7,72,0.004959979025469581,21510.101392036864
1,7,73,0.0049715764607372445,21509.176305624136
1,7,74,0.004972682697510305,21537.995713725566
1,7,75,0.004963481954178286,21566.546550492094
1,7,76,0.004969850987284361,21541.592034778936
1,7,77,0.004967118069624149,21533.66112585929
1,7,78,0.004984303875852918,21544.12568024601
1,7,79,0.004987995660853934,21510.627559928926
1,7,80,0.004984009788848441,21506.57370471499
1,7,81,0.0049943957875036304,21553.67155025636
1,7,82,0.005000840447213895,21579.037227444882
1,7,83,0.005019456773626546,21590.53260948626
1,7,84,0.005010775392913485,21617.866099967956
1,7,85,0.0050340465491882196,21621.054633078566
1,7,86,0.005080722910801036,21597.226587991412
1,7,87,0.0051151568386806606,21588.02682261585
1,7,88,0.0051141021276695535,21600.403992616473
1,7,89,0.005120018128441428,21577.871753008527
1,7,90,0.005071365400014021,21548.49257305052
1,7,91,0.005064754068563886,21548.070750769024
1,7,92,0.005062336153175295,21545.03262128434
1,7,93,0.005069282681082229,21567.394542438316
1,7,94,0.005066580761974523,21582.528106684735
1,7,95,0.005081058703294874,21568.939007797126
1,7,96,0.00506291028217742,21569.54628712994
1,7,97,0.005084948701944001,21613.019756202964
1,7,98,0.005085828978288587,21617.634908604105
1,7,99,0.005089344455593783,21598.165681779716
1,7,100,0.005015760159383273,21616.473013789026
1,8,1,0.009368720699327857,19084.748040425064
1,8,2,0.008955107515878077,19262.377314415196
1,8,3,0.00856762036231523,19391.83804503353
1,8,4,0.008213587003816124,19518.429662919087
1,8,5,0.007888485854427084,19557.760382534616
1,8,6,0.007588536439070858,19647.934076021793
1,8,7,0.007314665960844299,19748.48632269869
1,8,8,0.007063598066768174,19852.775719881072
1,8,9,0.006829463418742615,19936.787256762298
1,8,10,0.006620462097130642,19977.0915680132
1,8,11,0.006431089286200868,20031.644521993592
1,8,12,0.006252953418075178,20062.77980677382
1,8,13,0.006085342421662277,20110.540495320478
1,8,14,0.005933548340687571,20148.672139818995
1,8,15,0.005791147049547518,20206.82292558171
1,8,16,0.005664901086479257,20245.79069313606
1,8,17,0.005546709481056135,20282.50569946902
1,8,18,0.0054481259579784325,20386.377679940375
1,8,19,0.005346991467995426,20436.444467708134
1,8,20,0.005254799858497215,20474.971607568914
1,8,21,0.00517340261750939,20536.20923442688
1,8,22,0.00510380727787339,20604.65851426983
1,8,23,0.005039614201673604,20634.43781032777
1,8,24,0.004972987069594043,20685.939733353458
1,8,25,0.004915791682151662,20724.98419181614
1,8,26,0.004860355293047711,20789.056698150354
1,8,27,0.00481375011290309,20860.71161439355
1,8,28,0.004770620063817429,20943.589756932168
1,8,29,0.004727794989646972,20973.72566135059
1,8,30,0.00468928640603347,21016.710542787245
1,8,31,0.00465649251465188,21077.997316174427
1,8,32,0.004618597097784012,21125.372459931416
1,8,33,0.004591428464363546,21130.13971129378
1,8,34,0.004556420778566576,21178.469203511006
1,8,35,0.004535689212885293,21239.321633196552
1,8,36,0.004505599971499762,21261.387443634412
1,8,37,0.004471624043986792,21249.57212943314
1,8,38,0.004448474882903879,21259.099668610572
1,8,39,0.004458509169520255,21313.463109426655
1,8,40,0.004420911987269836,21309.23773615491
1,8,41,0.0044018899578539905,21291.84106664722
1,8,42,0.00437543677352101,21302.380781797026
1,8,43,0.004390846585104373,21331.50544646688
1,8,44,0.0043746760989585385,21349.077637404676
1,8,45,0.00440716787029925,21326.73907507964
1,8,46,0.004378826266356612,21342.69542187023
1,8,47,0.004477978358718926,21354.608494426422
1,8,48,0.004523019491943343,21398.52156687008
1,8,49,0.004512799531856806,21423.77126201555
1,8,50,0.004370961545783239,21444.63153860377
1,8,51,0.00430727211173659,21465.451027448402
1,8,52,0.004307556429561924,21475.37509254323
1,8,53,0.005308856486781006,21491.7120154146
1,8,54,0.008300848052804321,21486.764679332373
1,8,55,0.006992313055776305,21643.62894993621
1,8,56,0.004621095994124169,21497.08543480426
1,8,57,0.006669822597437729,21522.423542679964
1,8,58,0.006225838394133047,21471.622995793172
1,8,59,0.004387198298063889,21604.326913321136
1,8,60,0.005561263010933748,21484.740160467696
1,8,61,0.01587355411869534,21730.04987164164
1,8,62,0.011873441283573297,21498.16108474255
1,8,63,0.01302266708221328,21498.540861903763
1,8,64,0.004278870124103415,21550.493626495965
1,8,65,0.009911266038410384,22361.43079175707
1,8,66,0.01688776804985935,31745.822665829906
1,8,67,0.0068579011733468165,22987.596600578214
1,8,68,0.008821570068925309,24051.94061126798
1,8,69,0.004371660126979318,33914.043984798656
1,8,70,0.005426931098281521,32480.298604860393
1,8,71,0.006147695122676476,91369.45023840976
1,8,72,0.008272936078987698,32306.63088054713
1,8,73,0.004292565627283272,24282.346070957952
1,8,74,0.007687331276316839,21631.464310338866
1,8,75,0.015087468501268238,21648.131635980502
1,8,76,0.00605656551397427,25349.764393418318
1,8,77,0.010043164785554429,21941.543622980815
1,8,78,0.01891261811239432,21777.337955879968
1,8,79,0.018333824534633465,22220.870743490068
1,8,80,0.014624073438224286,21895.144157910814
1,8,81,0.017693845874874804,22755.774627570987
1,8,82,0.015917505168270826,22867.6269528217
1,8,83,0.013564049239830825,21965.80724780449
1,8,84,0.020144500823130733,22982.636673907924
1,8,85,0.02075694063920873,25103.198385011023
1,8,86,0.016373589832837033,28726.794852553834
1,8,87,0.018185846287109755,21774.77862230428
1,8,88,0.015013074189605478,30086.411094333307
1,8,89,0.01460091781048659,24860.63059939025
1,8,90,0.01672039162190557,23743.767192297222
1,8,91,0.02396117494508287,44616.9896847054
1,8,92,0.04170786508187886,23288.742064699713
1,8,93,0.020346330137548732,24633.694017643895
1,8,94,0.021466190054210507,26491.930520268095
1,8,95,0.017381116535386675,39087.479661522055
1,8,96,0.015619627693339352,206029.48347749154
1,8,97,0.030951300074377488,46083.50507649808
1,8,98,0.01845714509754506,30953.27945796254
1,8,99,0.046853323160111725,21857.199083169166
1,8,100,0.016523322059605938,21477.62836921114
1,9,1,0.009547325472483346,19056.889491526017
1,9,2,0.009141102334143785,19241.350553426768
1,9,3,0.008788524501746423,19396.770889284624
1,9,4,0.008449749824291032,19476.976342635895
1,9,5,0.008134898691979945,19573.239012454025
1,9,6,0.007849396905414216,19618.262038044835
1,9,7,0.007584936256597023,19728.328507208014
1,9,8,0.007339823456510942,19831.62088070254
1,9,9,0.007117123311892097,19880.38821984204
1,9,10,0.0069205695504405895,20024.95201158078
1,9,11,0.006738524329695521,20044.515560598793
1,9,12,0.006571883994172867,20096.75196792839
1,9,13,0.006417951707062539,20181.112362013
1,9,14,0.0062833630925813915,20253.606132732406
1,9,15,0.00615050805769995,20240.13597027404
1,9,16,0.006029346771863147,20366.736807149835
1,9,17,0.005921211959124277,20345.084311411814
1,9,18,0.005822545173829614,20409.72068922464
1,9,19,0.005735266177270872,20435.49513438592
1,9,20,0.005655543826242798,20486.1719232417
1,9,21,0.005581803224166191,20503.038417330205
1,9,22,0.0055203676038184666,20514.90586411747
1,9,23,0.005454990297601218,20622.436758471624
1,9,24,0.005407428109945604,20639.61207938767
1,9,25,0.005352319203952412,20658.92836057049
1,9,26,0.005310727521410422,20720.054139308617
1,9,27,0.005282179974547411,20744.78469139949
1,9,28,0.005252252392425389,20823.493205467686
1,9,29,0.005216537728721095,20823.920727671142
1,9,30,0.005177313182147524,20875.78164133382
1,9,31,0.005162208743823658,20964.22509575382
1,9,32,0.005136645575285107,21061.293664576468
1,9,33,0.005121176425281937,21035.963541550635
1,9,34,0.005123929714021127,21005.778313623257
1,9,35,0.005063060880930011,21037.46365141989
1,9,36,0.005050204608476918,21018.341650868566
1,9,37,0.005032586011675351,21109.48700341994
1,9,38,0.005015247297623807,21096.539024951915
1,9,39,0.005044574898470985,21083.604437270315
1,9,40,0.005051819682566495,21085.464925008375
1,9,41,0.005055326967993784,21117.405513410726
1,9,42,0.005060747944385079,21105.580667536626
1,9,43,0.005076628186865551,21085.609039881605
1,9,44,0.005068719917477731,21134.284591157382
1,9,45,0.005076754326018515,21137.43401940135
1,9,46,0.0051044664675747795,21137.13966682478
1,9,47,0.0051479811204555624,21155.303325384866
1,9,48,0.005177968211549746,21146.11994853676
1,9,49,0.00518814689359947,21157.98454579742
1,9,50,0.005329512852931365,21205.81278882389
1,9,51,0.005355862085164595,21185.249901894706
1,9,52,0.005412874907228981,21167.035099203305
1,9,53,0.005295451733079142,21158.598198777803
1,9,54,0.00558033908159777,21186.141404638725
1,9,55,0.006213162663971964,21213.84619064935
1,9,56,0.007420736800056251,21221.943889130045
1,9,57,0.007135091253740609,21221.255651226104
1,9,58,0.007450436713243766,21238.898427525168
1,9,59,0.007067589902854126,21213.421350952904
1,9,60,0.007591079422773437,21250.464761392483
1,9,61,0.00690221302821414,21307.14277881536
1,9,62,0.007128390997682581,21339.191422553526
1,9,63,0.007441084299245456,21285.6107137005
1,9,64,0.006991668963037676,21344.18124628511
1,9,65,0.008860984440259876,21379.68707347463
1,9,66,0.008626133823067043,21394.093388326164
1,9,67,0.010651867063488332,21526.32989696368
1,9,68,0.010463716115006768,21507.90115953158
1,9,69,0.008221729319480914,21461.083086740844
1,9,70,0.0076553013723110385,21391.55690506275
1,9,71,0.016446155038289327,21435.003007981406
1,9,72,0.016878370483080548,21383.03407306935
1,9,73,0.022865603080533366,23916.24850553581
1,9,74,0.01098489512668342,22804.731571869106
1,9,75,0.014208265703557408,21443.16805169543
1,9,76,0.009155148548856623,23936.309069215815
1,9,77,0.010639772938788775,21523.78369001307
1,9,78,0.010095888305669876,21610.84964630621
1,9,79,0.01744039277637145,21430.266393203212
1,9,80,0.010446594982742348,21519.26995089486
1,9,81,0.012329239720879967,23452.215954068168
1,9,82,0.013319836802479237,21831.07069340554
1,9,83,0.015991522220067885,21530.688482258785
1,9,84,0.01197655631498351,39849.06166278057
1,9,85,0.022947790611229427,21521.96284114862
1,9,86,0.01985015483705062,21684.65522153773
1,9,87,0.015527685012306456,21483.876698063174
1,9,88,0.01813107432805658,27124.03396501448
1,9,89,0.01167374154053836,22025.8784348274
1,9,90,0.018270400982208727,28678.045720922415
1,9,91,0.01401267189425421,26821.189400788597
1,9,92,0.014899367271975938,21607.333961314474
1,9,93,0.012276224608479033,21645.187916206633
1,9,94,0.028068462814378504,21687.372347363722
1,9,95,0.017495466448591523,23297.57431469659
1,9,96,0.025282983213368807,33587.586621847266
1,9,97,0.017625791020146907,46934.26152869212
1,9,98,0.022114184916942538,22004.573975793053
1,9,99,0.03251712226060642,22091.980489390873
1,9,100,0.028467687739240105,29570.914488574304
1,10,1,0.009802794141368308,19069.003678069294
1,10,2,0.00938891767594345,19169.350653119134
1,10,3,0.009011374829311145,19315.486444849477
1,10,4,0.008661848337879962,19412.36924565692
1,10,5,0.008341988968757813,19445.581109779414
1,10,6,0.00803979799103527,19578.833855647918
1,10,7,0.00776888812098285,19638.55403547862
1,10,8,0.007515092409673679,19712.766009715462
1,10,9,0.007290915655007167,19772.094855055453
1,10,10,0.007087773643950948,19828.581471617126
1,10,11,0.006898740780928605,19913.764160324412
1,10,12,0.0067257541296678915,20011.839537582186
1,10,13,0.006581194958391331,20037.981055315235
1,10,14,0.006449546478810915,20145.515382528993
1,10,15,0.006314951301030911,20191.519564430295
1,10,16,0.006197134401520112,20212.593813229483
1,10,17,0.0060775080503357925,20273.223763108213
1,10,18,0.005979585319194891,20326.393699799144
1,10,19,0.005885274741913848,20421.445946857333
1,10,20,0.005805317639524696,20490.639421153784
1,10,21,0.005725406643441337,20587.205514334688
1,10,22,0.005653191017702036,20610.757853658495
1,10,23,0.00558885387628748,20666.18303795577
1,10,24,0.0055335479133955335,20725.429815986932
1,10,25,0.005478820010533554,20777.039714098846
1,10,26,0.005427895881501752,20814.67926665991
1,10,27,0.005380572801455193,20878.29051023234
1,10,28,0.0053454469909250835,20864.780050300968
1,10,29,0.0053037056605803636,20860.964257612304
1,10,30,0.005273903311564241,20931.870565286124
1,10,31,0.005304792783801497,21003.48782853697
1,10,32,0.005308488573753982,21021.274472281908
1,10,33,0.0054021516379283464,21069.26048637463
1,10,34,0.005457272614254326,21138.499011543143
1,10,35,0.005298565265267181,21156.11400335848
1,10,36,0.005446104187196134,21203.38997782442
1,10,37,0.005451647207026349,21193.330616080435
1,10,38,0.005393398099940807,21221.08829625949
1,10,39,0.00544315838229491,21284.025630480704
1,10,40,0.005385248743896993,21356.317567883274
1,10,41,0.005326678750012823,21345.257666625326
1,10,42,0.005482889543400243,21393.394125849594
1,10,43,0.005305374503028042,21409.32895876131
1,10,44,0.006105326189643897,21383.16331848014
1,10,45,0.006354081163603976,21483.515883231645
1,10,46,0.006911296412327531,21533.538750411877
1,10,47,0.0062327947459336255,21605.917639409137
1,10,48,0.006176462890061462,21718.08421614768
1,10,49,0.006442991480459469,21920.043379206614
1,10,50,0.006964064616193083,22630.55126405547
1,10,51,0.021316443310908553,21559.41670608706
1,10,52,0.03036107475589792,21539.914375009877
1,10,53,0.008456759981146226,23266.31524672507
1,10,54,0.03761284554953722,41568.530703781464
1,10,55,0.020564667960752788,42615.71398472243
1,10,56,0.01621489106081666,1.0896238023459783e6
1,10,57,0.02125194724911732,1.082204870709972e6
1,10,58,0.03649941953273443,972785.5248112653
1,10,59,0.03324684570266638,814738.5049734861
1,10,60,0.032658987744967755,890344.0038261433
1,10,61,0.023015478738839478,1.180013457684929e6
1,10,62,0.013856547164206654,438412.17850452714
1,10,63,0.038569299589279765,1.2462868705741707e6
1,10,64,0.04473791285279104,4.39950664548254e6
1,10,65,0.015147858947491759,4.903745106721658e6
1,10,66,0.018887522481012997,6.19553791523434e6
1,10,67,0.04847750054889237,2.325198746934045e6
1,10,68,0.0572256191324892,2.3366134841119163e6
1,10,69,0.0543931908738226,9.13717890032087e6
1,10,70,0.03227345766777232,6.643310545627366e6
1,10,71,0.04637197691184297,1.8535075391493462e7
1,10,72,0.04644944764865464,3.5118105201183744e7
1,10,73,0.04901268932685768,3.1758280820801754e7
1,10,74,0.04912018864620409,1.927252230607856e7
1,10,75,0.051721518476308605,4.2606509611973494e7
1,10,76,0.05304553289269018,5.296472496794344e7
1,10,77,0.04777814209901872,2.252755630304897e7
1,10,78,0.07770945471505618,1.792198418765871e8
1,10,79,0.06008159579857753,3.2000545201805767e7
1,10,80,0.055473791767505054,3.671684725590819e7
1,10,81,0.0551029116855837,2.5867334771934234e7
1,10,82,0.04533731795124729,2.7914609973615285e7
1,10,83,0.0597754620622273,5.3351990688671865e7
1,10,84,0.06473792769826171,2.6162322306256834e7
1,10,85,0.07109333695432249,2.1864837919532984e7
1,10,86,0.047968383887546866,5.393991199129138e7
1,10,87,0.05167028182185621,6.050590254000181e7
1,10,88,0.06698038700264095,4.688201341979183e7
1,10,89,0.061625964508645534,4.7311110516884856e7
1,10,90,0.050692201371457496,8.439103661797701e7
1,10,91,0.06509940529257036,5.7057857290270574e7
1,10,92,0.05634910330938715,6.945935378412949e7
1,10,93,0.07367092676741482,8.270869013118823e7
1,10,94,0.06454824759273788,4.430689366072432e7
1,10,95,0.05535053219022999,6.907143352408786e7
1,10,96,0.05638665220825333,5.616917905799211e7
1,10,97,0.05896721595608778,2.5434701829918995e7
1,10,98,0.06046001458422265,2.9088723208260786e7
1,10,99,0.06749959413598837,2.213773894988344e7
1,10,100,0.05806546108821831,5.0582648639075756e7
cx, cy, nu = 5.0, 5.0, 0.01